row ID,row m/z,row retention time,row ion mobility,row ion mobility unit,row CCS,correlation group ID,annotation network number,best ion,auto MS2 verify,identified by n=,partners,neutral M mass,20250402_PMA_tp24_000036_01_01.mzML Peak height,20250402_PMA_tp24_000037_01_01.mzML Peak height,20250402_PMA_tp24_000038_01_02.mzML Peak height,20250402_PMA_tp24_000039_01_01.mzML Peak height,20250402_PMA_tp24_000040_01_01.mzML Peak height,20250402_PMA_tp24_000041_01_01.mzML Peak height,20250402_PMA_tp24_000042_01_01.mzML Peak height,20250402_PMA_tp24_000043_01_01.mzML Peak height,20250402_PMA_tp24_000044_01_01.mzML Peak height,20250402_PMA_tp24_000046_01_01.mzML Peak height,20250402_PMA_tp24_arabido_mapp_bk_post_00.mzML Peak height,20250402_PMA_tp24_arabido_mapp_bk_post_01.mzML Peak height,20250402_PMA_tp24_arabido_mapp_bk_pre_00.mzML Peak height,20250402_PMA_tp24_arabido_mapp_bk_pre_01.mzML Peak height,20250402_PMA_tp24_qc_arabidopsis_00.mzML Peak height,20250402_PMA_tp24_qc_arabidopsis_01.mzML Peak height,20250402_PMA_tp24_qc_arabidopsis_02.mzML Peak height,20250402_PMA_tp24_qc_arabidopsis_03.mzML Peak height,20250402_PMA_tp24_qc_arabidopsis_04.mzML Peak height,
1,139.98245340947824,0.08405816,,,,,,,,,,,1.2107145E7,1.3826909E7,1.150699E7,1.1634202E7,1.4209265E7,1.3667402E7,1.251396E7,1.3770815E7,1.1674192E7,1.2488014E7,1.1812608E7,1.2332001E7,1.7042068E7,1.8041514E7,1.1969453E7,1.2604886E7,1.148317E7,1.3496896E7,1.2725929E7,
2,139.98247178624123,0.15014562,,,,,,,,,,,1.2107145E7,1.3992002E7,1.2232477E7,1.1531256E7,1.4209265E7,1.1423513E7,1.308196E7,1.3770815E7,1.2506511E7,1.2425557E7,1.1812608E7,1.2332001E7,1.7668204E7,1.8041514E7,1.457115E7,1.2604886E7,1.2566141E7,1.3496896E7,1.215326E7,
3,217.959794729314,0.19420336,,,,,,,,,,,1350426.9,1563964.8,1411742.1,1377697.1,1411999.0,1339566.0,1572144.5,1585931.8,1435621.4,1415757.8,1456384.2,1438134.8,1549509.4,1791462.8,1553869.8,1335163.6,1346739.1,0,1424537.1,
4,137.987302358171,0.17975847,,,,,,,,,,,1830776.9,2200676.5,1758750.5,1955728.0,2024781.0,1862735.1,2291119.5,2121206.8,1793389.8,1958830.8,1836780.6,1837639.6,2815610.0,2708595.8,2376765.0,1963658.5,2034193.2,1997426.5,1796495.2,
5,217.9598398655038,0.2823514,,,,,,,,,,,1427760.6,1409342.4,1444304.8,1412757.9,1466650.0,1311744.2,1386467.4,1304285.0,1360157.0,1365963.4,1502343.4,1444983.2,1581118.6,1791462.8,1553869.8,1228648.2,1346739.1,1583452.1,1478293.8,
6,139.9824935008386,0.29572558,,,,,,,,,,,1.2777249E7,1.2713505E7,1.2232477E7,1.3069022E7,1.2971697E7,0,1.2689088E7,1.1717887E7,1.2467507E7,1.1369242E7,1.2658098E7,1.20038E7,1.7176032E7,1.6302647E7,1.3809838E7,1.125638E7,1.1656186E7,1.3700099E7,1.2193501E7,
7,255.95225052611605,0.33298627,,,,,,,,,,,403543.88,181238.56,470437.28,0,0,204737.86,165700.98,196856.61,222376.75,163323.34,2933115.8,2856316.5,2445771.8,2249959.8,380588.72,0,344934.9,365302.62,283099.6,
8,143.0398110044336,0.3311559,,,,,,,,,,,934752.5,438805.78,1179296.9,414516.12,417982.88,498562.9,452335.62,0,719483.1,397477.97,9231532.0,8375097.5,9333955.0,8614095.0,969409.9,900152.5,866865.56,998647.56,1006131.75,
9,130.0082587707344,0.33803618,,,,,,,,,,,1543935.2,738680.56,1787400.5,664725.7,692685.75,778699.1,648686.56,719046.2,1121000.2,553682.2,1.5344415E7,1.321439E7,1.4202268E7,1.3557126E7,1562215.1,1806992.2,1528131.5,1569833.9,1464379.4,
10,158.0031654042011,0.32822144,,,,,,,,,,,1928185.8,869458.3,2299220.0,797757.06,829076.9,993999.5,791685.56,1026649.1,1263437.8,756997.0,2.0133368E7,1.7068898E7,1.739594E7,1.6766091E7,1932016.0,1895519.0,1888765.5,1964828.9,1750608.5,
11,148.01878612969276,0.3313722,,,,,,,,,,,507079.44,249047.7,552511.0,210392.92,222122.17,278236.6,256049.98,294735.3,320333.66,205902.0,5004582.0,4525522.5,5265825.0,4759644.5,610088.3,616604.56,576421.56,565210.44,462591.84,
12,176.013751124148,0.330199,,,,,,,,,,,397473.34,167522.02,407997.44,136006.56,164327.53,190835.95,153225.73,204568.53,0,132654.67,3662329.8,3340719.2,3689881.2,3215166.8,421099.28,371853.75,416581.47,394159.0,322650.6,
13,199.02977427901197,0.33243716,,,,,,,,,,,319164.12,0,355406.66,137217.4,146022.7,0,155630.34,0,208538.39,128147.08,3204496.2,2959938.8,2921534.5,2526781.0,372031.38,307244.03,341187.75,349465.66,324403.1,
14,267.90196160042325,0.3351013,,,,,,,,,,,8305425.5,4961470.5,7430484.0,6287988.5,5628847.0,5647086.0,6168873.0,5869693.0,7519847.5,4218793.5,1577702.2,1620719.4,1790352.6,1214179.1,6620353.5,6528146.0,6995726.0,6621244.0,7171147.0,
15,231.97113826970417,0.34815574,,,,,,,,,,,0,0,0,0,0,0,0,0,0,0,2155855.0,2088809.0,1955085.8,1526352.2,0,0,0,0,0,
16,146.16542194287246,0.34862772,,,,,,,,,,,0,5.608703E7,945909.1,6.519458E7,7.121264E7,5.5191092E7,2.9011802E7,7530768.5,4.6509252E7,5.974197E7,0,0,0,0,7423682.0,9835175.0,1.100902E7,1.2274134E7,1.4072754E7,
17,129.13886122836462,0.34959257,,,,,,,,,,,0,8444935.0,0,1.0177264E7,1.076207E7,8247618.0,4346569.5,1038107.1,6765284.5,8442941.0,0,0,0,0,1105481.6,1525402.8,1543445.5,1646218.2,2140310.5,
18,251.92959650012418,0.34621793,,,,,,,,,,,974142.7,1702119.4,1362608.6,1299633.9,2018813.8,2012502.8,1072296.0,1216138.8,1237543.4,1913242.1,2151344.8,2129165.0,1977543.4,1221894.6,1161701.1,1183485.6,1464628.8,1400117.5,1578806.9,
19,139.98759909381806,0.31627136,,,,,,,,,,,1222346.4,1329849.1,0,1415044.2,1398698.4,1231030.2,1307239.9,1297699.5,0,1244226.0,2550319.5,2432167.0,3551938.5,1.6329374E7,1409130.1,1384927.6,1371318.2,0,0,
20,235.95217445736344,0.34662694,,,,,,,,,,,315109.78,1001165.6,350934.03,982516.56,1284405.0,1339392.8,805543.8,1003502.4,706386.06,1039122.5,993401.1,1026422.5,1793269.4,3311652.2,615150.44,519550.53,805213.4,704598.56,731714.8,
21,157.989220227389,0.35627547,,,,,,,,,,,0,0,0,0,0,0,0,0,0,0,470791.06,540955.94,910374.4,5087397.0,0,0,0,0,0,
22,162.96772665471397,0.3583442,,,,,,,,,,,0,0,0,0,0,0,0,0,0,0,591845.9,499434.44,923699.94,5311816.5,0,0,0,0,0,
23,185.98362309137474,0.35544243,,,,,,,,,,,528540.0,727304.2,484740.03,1291823.2,996024.6,1033199.44,731466.5,652992.06,0,960900.6,6192607.0,5731606.5,9007200.0,5.316818E7,297328.22,0,0,485301.0,731264.6,
24,223.929042393904,0.35627547,,,,,,,,,,,0,0,0,0,0,0,0,0,0,0,5509179.5,6106928.5,4873103.5,4724903.5,0,0,0,0,0,
25,217.95188595861512,0.36113334,,,,,,,,,,,0,0,0,0,685095.44,750173.94,0,0,0,977388.94,0,0,0,0,0,0,0,0,0,
26,199.99620627851675,0.3603551,,,,,,,,,,,0,0,0,0,0,0,0,0,0,0,773361.75,814334.7,742618.25,449099.25,0,0,0,0,0,
27,182.90273334567806,0.35627547,,,,,,,,,,,0,0,0,0,0,0,0,0,0,0,2296693.8,2335446.0,2180231.2,1966135.2,0,0,0,0,0,
28,145.03550363705736,0.325518,,,,,,,,,,,291955.38,0,276627.66,303017.3,0,264047.66,330175.56,1148428.1,305903.28,275621.6,4992137.5,5032087.5,6097706.5,5688595.0,341794.47,299425.34,0,339965.8,0,
29,125.98650542104343,0.36363897,,,,,,,,,,,7.629889E7,1.9724018E8,1.1960015E8,1.3093134E8,1.506189E8,1.4483574E8,1.00051976E8,1.0265888E8,1.0292235E8,1.8314883E8,9398326.0,9137910.0,1.0883575E7,1.1330265E7,1.2778985E8,1.284308E8,1.3629126E8,1.2824054E8,1.2516449E8,
30,143.9970168012485,0.36363897,,,,,,,,,,,1.3012944E7,3.8955236E7,1.9768178E7,2.642469E7,3.0837118E7,2.9806388E7,1.8029174E7,2.1097566E7,1.978804E7,3.7841388E7,2486177.8,2490642.0,3250322.8,3237975.8,2.4021152E7,2.4322798E7,2.5346776E7,2.505944E7,2.2298576E7,
31,151.03547595479702,0.36363897,,,,,,,,,,,4.7088704E7,1.7212571E8,6.4029824E7,1.4727709E8,1.6274704E8,1.4890238E8,1.3505826E8,1.1399937E8,1.2683913E8,1.8026346E8,7448065.5,7466024.0,1.4806308E7,4.556507E7,9.716858E7,9.7430584E7,1.0895049E8,1.061929E8,1.0298181E8,
32,167.0130305983827,0.36363897,,,,,,,,,,,8.1807256E7,2.2857312E8,1.3067498E8,1.5425512E8,1.8557491E8,1.718668E8,1.1121948E8,1.26223336E8,1.2077887E8,2.3507746E8,1.5265413E7,1.5264829E7,1.6285497E7,1.6101259E7,1.4041413E8,1.421718E8,1.542673E8,1.4846157E8,1.458778E8,
33,128.01958145068656,0.36322415,,,,,,,,,,,4145768.2,1.7072906E7,5417130.0,1.5645733E7,1.5663101E7,1.4851161E7,1.3102092E7,1.0498462E7,1.129913E7,1.6756041E7,646087.25,716294.25,1918627.1,6088064.5,9264830.0,9831866.0,1.1718016E7,1.0086999E7,9855775.0,
34,271.91645492544876,0.36363897,,,,,,,,,,,1.0123424E8,2.1197942E8,1.5450317E8,1.5538758E8,1.7411011E8,1.774945E8,1.2860838E8,1.3855394E8,1.372929E8,1.9349339E8,777403.94,720378.06,668261.94,428579.5,1.6323525E8,1.6208514E8,1.6726283E8,1.6028062E8,1.669461E8,
35,312.94307038863195,0.36364478,,,,,,,,,,,4.383583E7,1.0224048E8,6.797173E7,7.528689E7,8.819641E7,8.2869304E7,5.592659E7,6.7691784E7,6.1253616E7,9.921318E7,441235.8,429188.8,419910.16,243618.73,7.581209E7,7.394074E7,7.872633E7,7.47431E7,7.612052E7,
36,130.01692780870792,0.36416018,,,,,,,,,,,935228.56,2919415.0,963822.0,3208140.0,3033105.2,2818879.5,2278871.0,2102568.8,2214828.8,2947754.2,136999.89,0,298766.1,1083445.5,1815565.2,2131910.2,2277847.8,2013890.4,1825970.2,
37,137.987487834782,0.36272752,,,,,,,,,,,2.9978536E7,1.9383132E7,3.3025764E7,2.4101878E7,1.9119214E7,2.1768722E7,2.5591186E7,2.4239728E7,2.5654366E7,1.5453177E7,2066040.0,1802094.1,2793374.8,2345164.0,2.8054796E7,2.8171832E7,2.8475448E7,2.9849278E7,3.1910266E7,
38,157.083588941147,0.32769394,,,,,,,,,,,167455.77,259676.55,146252.08,331054.84,243550.94,215043.55,277306.28,172102.94,153296.77,126046.016,180467.25,684515.25,3311931.0,2129906.5,442512.8,388175.28,339790.53,184644.6,0,
39,230.88995149413833,0.36507767,,,,,,,,,,,1.6164769E7,3.154422E7,2.4800544E7,2.301442E7,2.6222532E7,2.8408948E7,1.9512498E7,1.9932646E7,2.0481524E7,2.8227504E7,0,0,0,0,2.4015718E7,2.5027866E7,2.5138828E7,2.4617746E7,2.6350454E7,
40,248.900668553011,0.3632246,,,,,,,,,,,2.0192758E7,4.5246984E7,3.3011074E7,3.2172138E7,3.8122816E7,4.015868E7,2.6863628E7,2.890815E7,2.6875446E7,3.8450028E7,175945.05,182620.61,170509.77,127755.33,3.5165456E7,3.4336756E7,3.3920636E7,3.4412624E7,3.6354548E7,
41,255.93857042461758,0.36507767,,,,,,,,,,,2.2095382E7,5.282574E7,2.6413004E7,4.9421884E7,5.256551E7,5.299601E7,5.6641252E7,4.4641572E7,5.2233124E7,4.8713904E7,0,0,0,0,3.8159536E7,3.7695516E7,4.1125904E7,3.9639064E7,4.2040804E7,
42,273.949450241807,0.36507767,,,,,,,,,,,8072839.5,2.4101094E7,9983761.0,2.28549E7,2.522568E7,2.388557E7,2.3750878E7,2.044633E7,2.1277982E7,2.3800036E7,0,0,0,0,1.5236722E7,1.5242536E7,1.7674362E7,1.7723088E7,1.6642785E7,
43,296.9655804770658,0.36560255,,,,,,,,,,,2.166752E7,6.584254E7,2.8971674E7,6.1392256E7,6.398343E7,6.1719756E7,6.0554236E7,5.1767668E7,5.7084516E7,6.433827E7,0,0,0,0,4.2939676E7,4.218354E7,4.4886024E7,4.3363384E7,4.3711348E7,
44,300.9206568433434,0.36560255,,,,,,,,,,,7.363857E7,2.6264662E7,7.179059E7,3.4659972E7,2.3959914E7,2.9504142E7,3.943899E7,3.6402476E7,5.6144064E7,1.81281E7,0,0,0,0,5.6454144E7,5.5195772E7,6.0593396E7,5.3809828E7,5.460265E7,
45,305.89961604380625,0.36560255,,,,,,,,,,,7.653388E7,2.7085182E7,7.6961064E7,3.5751904E7,2.471329E7,2.963949E7,4.6033516E7,3.7943692E7,5.7937052E7,1.7314772E7,0,0,0,0,5.9650164E7,5.873622E7,5.978703E7,5.5726036E7,5.6947896E7,
46,326.9201767782375,0.36560255,,,,,,,,,,,9.786737E7,3.4329908E7,9.624989E7,4.576673E7,2.9730632E7,3.9454284E7,5.3552524E7,4.6853012E7,7.318295E7,2.4148198E7,0,0,0,0,7.3439016E7,6.848052E7,7.912825E7,6.849748E7,6.94466E7,
47,328.91526937732846,0.35216677,,,,,,,,,,,7.560186E8,2.7482512E8,7.4517325E8,3.6791904E8,2.5652504E8,3.0543526E8,4.252324E8,3.7694067E8,5.934232E8,1.9080693E8,153663.08,160389.81,184956.77,0,5.868445E8,5.780933E8,6.1472774E8,5.601727E8,5.486999E8,
48,505.7493041617256,0.36560255,,,,,,,,,,,4.662669E7,9044064.0,3.9409452E7,1.6863336E7,9816124.0,1.0762182E7,2.1232128E7,2.064366E7,3.0224962E7,6167757.0,0,0,0,0,2.9612994E7,3.14021E7,2.928494E7,2.8600022E7,2.739213E7,
49,154.99040434451933,0.35181132,,,,,,,,,,,6.170031E8,3.170929E8,6.118536E8,3.741178E8,3.0597344E8,3.4902E8,3.8661568E8,3.664932E8,5.0450125E8,2.5226186E8,2881779.0,2786064.5,3427737.8,2461189.0,5.1233376E8,5.132822E8,5.673906E8,5.1714067E8,5.007903E8,
50,224.0118313882717,0.35746276,,,,,,,,,,,3.0429726E7,1.801405E7,2.9854122E7,2.2704802E7,1.6651312E7,1.7798194E7,2.1180956E7,2.1128808E7,2.6318398E7,1.5163737E7,169216.1,146980.84,246923.25,174260.66,2.7843922E7,2.7089322E7,2.960769E7,2.840295E7,2.4561534E7,
51,246.86210731514558,0.36612797,,,,,,,,,,,5.7547544E7,1.8849396E7,5.9674068E7,2.440106E7,1.801146E7,2.431237E7,3.2191608E7,2.7061176E7,4.3980416E7,1.3394093E7,0,0,0,0,4.292429E7,4.1837644E7,4.467517E7,4.2651184E7,4.1964776E7,
52,259.89407716010584,0.36612797,,,,,,,,,,,4.3084584E7,1.3581747E7,4.1957784E7,1.6698091E7,1.2990699E7,1.7204686E7,2.2214402E7,2.0130186E7,3.1683032E7,9716365.0,0,0,0,0,3.0763996E7,3.0674112E7,3.1444156E7,2.797698E7,3.0336354E7,
53,264.8730171829406,0.36612797,,,,,,,,,,,7.763717E7,2.793043E7,8.29866E7,3.4540424E7,2.4405376E7,3.6155164E7,4.2557844E7,3.6649096E7,5.570669E7,1.7733372E7,0,0,0,0,5.8335524E7,5.836167E7,5.8443356E7,5.6961388E7,6.0160052E7,
54,285.89358366836126,0.36612797,,,,,,,,,,,8.470148E7,2.9449438E7,8.717733E7,3.9337548E7,2.7730124E7,3.4095884E7,4.9038616E7,4.1168196E7,6.592294E7,1.8781246E7,0,0,0,0,6.5291012E7,6.386837E7,6.764654E7,6.231696E7,6.120666E7,
55,287.8886759531108,0.35906002,,,,,,,,,,,6.8188576E8,2.3520794E8,6.942568E8,3.0374627E8,2.164433E8,2.727839E8,3.858941E8,3.2107094E8,5.2697354E8,1.5407179E8,0,164460.88,164611.81,0,5.266936E8,5.0575203E8,5.33757E8,4.95762E8,5.0229594E8,
56,359.81865972411526,0.36612797,,,,,,,,,,,6.751384E7,1.7930256E7,5.7803732E7,2.7276962E7,1.9633502E7,2.2620686E7,3.652065E7,3.4060676E7,4.6620076E7,1.1819133E7,0,0,0,0,4.754303E7,4.5316796E7,4.429258E7,4.3196384E7,4.5391028E7,
57,128.95104433394474,0.352672,,,,,,,,,,,3.643874E7,1.7525724E7,3.5688036E7,2.0085774E7,1.8433884E7,2.1354722E7,2.1513724E7,2.3753988E7,2.9187452E7,1.3802638E7,1692270.2,1670968.0,1844325.1,1707019.8,2.9667038E7,3.0466074E7,3.5352844E7,3.0199968E7,2.741929E7,
58,139.96351157336804,0.35583627,,,,,,,,,,,6.0808252E7,2.9667024E7,6.1746904E7,3.4416876E7,2.6625286E7,2.9219906E7,3.9479136E7,3.3138864E7,5.022179E7,2.2620656E7,206634.67,185672.3,220983.81,169521.16,5.0781516E7,4.6241204E7,5.417205E7,4.7860284E7,4.697025E7,
59,141.95876158921132,0.35088468,,,,,,,,,,,9.8160006E8,4.9244134E8,1.0261856E9,5.619112E8,4.460787E8,5.0216666E8,6.411467E8,5.36559E8,8.2079085E8,3.7250954E8,3201095.5,3136210.2,3641618.8,2522378.2,8.1177856E8,7.861462E8,8.572854E8,7.7799974E8,7.700249E8,
60,159.96934927099184,0.35134682,,,,,,,,,,,1.7156611E8,9.5068056E7,1.695447E8,1.09032984E8,8.611636E7,9.995739E7,1.2339288E8,1.07850296E8,1.478171E8,7.336526E7,959475.44,1026709.25,1166277.1,804385.56,1.5036478E8,1.503428E8,1.5861483E8,1.4563933E8,1.3881069E8,
61,180.9900915185357,0.35616615,,,,,,,,,,,1.332787E8,7.385748E7,1.3712074E8,8.6895976E7,6.6933332E7,7.329101E7,8.8912136E7,7.892001E7,1.1690364E8,5.9865764E7,672783.2,612646.4,727398.3,539509.75,1.132128E8,1.12050024E8,1.20969E8,1.1312794E8,1.060426E8,
62,182.98531875249083,0.35268342,,,,,,,,,,,2.1301508E9,1.1916873E9,2.2328916E9,1.3663589E9,1.0925615E9,1.1884266E9,1.459997E9,1.2955076E9,1.9105308E9,9.5643283E8,1.0345951E7,9754465.0,1.2173527E7,7709684.0,1.867685E9,1.8196013E9,1.9961637E9,1.8285463E9,1.7552732E9,
63,169.9775730044582,0.35086614,,,,,,,,,,,7.8682984E7,3.3826108E7,6.417007E7,3.870744E7,3.433687E7,3.9509804E7,4.186636E7,4.3598532E7,6.208665E7,2.7027394E7,2960721.2,2959211.5,3305194.0,3466524.2,5.884807E7,6.0703268E7,7.170453E7,5.76187E7,5.2635172E7,
64,171.99313302384928,0.36263904,,,,,,,,,,,1.5340957E7,1.3575303E7,1.4192891E7,1.3143398E7,1.2472366E7,1.3824049E7,1.4255148E7,1.2177015E7,1.4429753E7,1.2690495E7,4590618.5,4283279.0,4922791.0,4599021.0,1.6267124E7,1.6231723E7,1.8834028E7,1.4470638E7,1.3467069E7,
65,130.96665597447037,0.36080584,,,,,,,,,,,8491833.0,4239687.0,8008391.0,5345852.0,4676609.0,5389358.5,5448028.0,4987730.5,6408173.0,4282988.0,1679596.9,1601258.9,1876942.0,1711519.0,7503080.0,7768064.0,7947049.0,6682307.0,5783026.5,
66,158.96158716816907,0.35337344,,,,,,,,,,,4.62571E7,3.3394538E7,4.5571508E7,3.396156E7,3.2249472E7,3.5863204E7,4.0500524E7,3.166633E7,4.4404816E7,2.857252E7,1.321477E7,1.2880363E7,1.4259059E7,1.3728902E7,4.6558656E7,4.406897E7,4.8532564E7,4.255265E7,3.8310124E7,
67,186.9565183989386,0.35472527,,,,,,,,,,,6216320.5,3810735.8,5940907.0,4467441.0,3901564.0,4396900.5,5432834.0,4432946.0,5030454.5,3493844.0,1812351.9,1820526.5,2011098.4,1900675.9,6151711.5,4669622.0,6114740.5,5196101.0,4643169.5,
68,199.9880652914093,0.35603592,,,,,,,,,,,2.6974658E7,1.8611614E7,2.456571E7,1.9706722E7,1.8012352E7,2.0106122E7,2.271145E7,1.8088548E7,2.4135288E7,1.6284537E7,9258255.0,8504792.0,9851466.0,9202485.0,2.7795878E7,2.473127E7,2.7436054E7,2.4345432E7,2.2498756E7,
69,276.8968545995521,0.35557526,,,,,,,,,,,3.567039E7,1.7963522E7,3.2514294E7,2.288354E7,1.8016242E7,2.1826602E7,2.61841E7,2.3369022E7,3.0682478E7,1.5500169E7,786538.8,746291.06,757949.75,526362.94,3.23184E7,3.168598E7,3.3847516E7,2.8039428E7,2.7359314E7,
70,288.919305296651,0.37056628,,,,,,,,,,,2780067.0,5881576.5,2826300.5,4476573.0,5519123.0,5306464.5,3616071.0,3916932.8,3409832.2,5443077.0,3286540.5,3000511.5,3189744.8,2988221.0,4294000.0,4459446.5,5107316.5,4076127.8,4245772.0,
71,176.97218238962841,0.3581916,,,,,,,,,,,4535520.5,2865305.0,4139465.0,3833382.0,2962961.8,3620416.0,3834777.5,2944422.5,4268409.0,3031623.0,1962344.2,1869773.5,2230394.5,2156200.0,4146784.0,4424375.0,4775193.5,4110548.8,3743108.0,
72,131.1293835603758,0.37558776,,,,,,,,,,,1.9474064E7,2.9002947E8,2.1840242E7,2.5485477E8,2.3015082E8,1.9133128E8,1.1705213E8,1.18328824E8,1.8341424E8,1.9067342E8,0,0,0,0,1.4465934E8,1.3945974E8,1.489349E8,1.3875328E8,1.4268869E8,
73,220.9352237863419,0.3746841,,,,,,,,,,,1494829.1,598688.8,1116072.2,713406.8,562132.06,0,1022503.9,861798.7,1703229.6,0,2252563.8,1921628.8,2050287.6,1958252.6,1367980.6,673782.7,1494184.0,1220889.6,1138248.0,
74,147.11306756695143,0.38012406,,,,,,,,,,,848967.8,1.3255701E7,886303.1,1.1058423E7,1.1550587E7,1.156533E7,1.2762698E7,6818018.0,1.0839066E7,2.406215E7,0,0,0,160941.28,4682956.0,6615335.5,6283266.5,7073584.5,7019007.5,
75,133.09740489102091,0.3803287,,,,,,,,,,,1518543.8,2.537662E7,1359024.2,1.6316376E7,2.2280634E7,1.9882442E7,1.3880922E7,8392929.0,1.307608E7,4.319544E7,0,0,0,0,1.3479013E7,1.2432441E7,1.0740677E7,1.420735E7,1.3370294E7,
76,242.92609671023547,0.38792163,,,,,,,,,,,0,0,0,0,0,0,0,5344329.0,0,0,4460149.5,4858181.0,4527629.5,4706799.0,0,0,0,0,0,
77,362.9264016446861,0.38720807,,,,,,,,,,,0,0,0,0,0,0,0,0,0,0,6188691.0,6774141.5,6164644.0,6348211.5,0,0,0,0,0,
78,144.95745626456008,0.38521242,,,,,,,,,,,173475.78,0,178990.52,0,0,0,0,0,0,0,1043585.94,1009942.7,1458038.1,9360315.0,0,0,0,0,0,
79,233.078783940042,0.34110564,,,,,,,,,,,334840.9,575004.75,240546.39,743114.44,520717.9,437218.78,641643.7,296684.66,281074.75,0,954122.1,870461.4,8717946.0,5167115.0,1389939.1,1118700.8,927239.6,366273.0,0,
80,253.9098302041492,0.32490402,,,,,,,,,,,372860.53,386619.28,350121.34,376012.88,410255.1,381852.34,376333.28,0,339069.8,355923.22,3743279.2,3483847.8,3500772.0,3338782.0,370347.03,369430.28,401484.62,371231.7,348593.1,
81,261.1100266660405,0.33396944,,,,,,,,,,,168091.58,282281.94,0,344114.97,258361.84,230389.47,311396.34,0,138206.36,0,515750.25,442580.38,3574235.2,2175982.8,603044.8,495177.1,432023.34,205123.05,0,
82,226.95181166330698,0.38792163,,,,,,,,,,,0,0,0,0,0,0,0,952245.5,0,0,2.996149E7,2.634737E7,2.585373E7,2.946749E7,0,0,0,0,0,
83,294.93915815251586,0.38720807,,,,,,,,,,,0,0,0,0,0,0,0,0,0,0,4502884.5,4067572.0,4062358.0,4644740.5,0,0,0,0,0,
84,216.92022908039215,0.32816547,,,,,,,,,,,385111.2,372994.97,380248.28,394045.97,411873.53,375671.44,395361.88,403841.9,379355.5,376431.7,3789710.8,3608344.0,3797172.8,3295815.5,0,407682.78,367565.25,0,401392.0,
85,244.91469304387178,0.32983336,,,,,,,,,,,347433.44,339133.7,375483.4,342547.75,355083.4,357372.1,334970.53,351948.62,343793.1,346380.16,3832214.2,3652727.8,3922548.5,3474996.5,321286.3,372899.62,0,346487.5,337886.5,
86,312.90081632658934,0.34487256,,,,,,,,,,,0,0,0,929377.25,899941.6,0,0,0,0,0,3884769.8,3654141.0,3759667.0,3198822.5,0,870083.5,920314.06,0,0,
87,336.8435283037948,0.3882614,,,,,,,,,,,1.1442307E7,2.484765E7,1.3088399E7,1.862993E7,1.5672589E7,1.680237E7,1.5339259E7,1.8863762E7,1.3611808E7,2.4987174E7,0,0,0,0,1.747546E7,1.5134709E7,1.7428194E7,1.3417323E7,2.0340412E7,
88,268.85508889036026,0.3893188,,,,,,,,,,,3.9034324E7,1.997488E7,4.663333E7,2.498974E7,1.4950705E7,2.2710432E7,2.5923758E7,1.2922523E7,2.97698E7,1.4299194E7,0,0,0,0,2.8262598E7,2.8392492E7,3.698176E7,2.5308088E7,3.1223632E7,
89,164.07429226046693,0.3930333,,,,,,,,,,,1730032.6,8517013.0,1394910.2,8252769.5,9408810.0,1.066376E7,1.2606457E7,8519149.0,6587808.0,1.3939304E7,0,0,0,0,5055423.0,5563952.0,5127638.5,5427919.0,5489564.0,
90,200.97269744704784,0.34131703,,,,,,,,,,,497692.88,718727.4,473244.34,0,547512.6,561441.94,522436.1,475698.78,484119.75,738328.6,480663.2,470209.3,1147562.4,2552611.2,664532.3,613558.4,613156.25,480727.25,506634.0,
91,235.05722004525063,0.39621258,,,,,,,,,,,514862.06,4304571.0,313170.47,4760399.5,5332338.5,4039900.5,6573342.5,1.5887366E7,3609801.5,4857717.0,0,0,0,0,2952499.0,4149857.5,3306786.5,3631829.8,4518621.5,
92,251.03107569801975,0.39621258,,,,,,,,,,,3455382.2,4.353275E7,3715241.2,4.994117E7,6.3334388E7,4.799376E7,3.490143E7,1.562742E7,2.6651224E7,9.209739E7,0,0,0,0,1.863005E7,2.6158654E7,2.097149E7,2.4837012E7,2.7499082E7,
93,213.07513579359195,0.3978034,,,,,,,,,,,3531708.0,3.9607876E7,3015156.5,4.5136076E7,5.5188012E7,4.52856E7,3.7001236E7,2.2315888E7,3.0003612E7,6.739152E7,0,0,0,0,1.8703162E7,2.1548498E7,2.1656134E7,2.1525478E7,2.2299636E7,
94,206.88624686000202,0.3930301,,,,,,,,,,,1.5621198E7,3.114358E7,2.1945286E7,2.3806862E7,2.5394254E7,2.6998764E7,1.3315321E7,7624935.5,1.0002419E7,3.806399E7,0,0,0,0,2.5046748E7,2.594757E7,2.6162296E7,2.015451E7,1.7286516E7,
95,175.11927404558077,0.4001898,,,,,,,,,,,3.550965E7,3.4511338E8,2.7144552E7,4.1326515E8,4.7013222E8,4.4001226E8,4.047514E8,3.0162518E8,3.8057702E8,4.919191E8,207294.5,243399.52,326713.66,1781010.4,1.900148E8,1.948157E8,2.0598917E8,2.1767706E8,2.167677E8,
96,208.9728546114953,0.40629184,,,,,,,,,,,9316074.0,6.8308024E7,1.1758776E7,5.2069264E7,6.2885612E7,6.599811E7,3.8239096E7,2.6310562E7,3.803782E7,6.882108E7,0,0,0,0,3.6338496E7,4.48786E7,4.061559E7,4.286643E7,4.207751E7,
97,378.98229331307255,0.40512985,,,,,,,,,,,0,2.2460654E7,456309.1,1.7812092E7,2.198519E7,1.9234344E7,1.2234299E7,4400672.5,1.0641271E7,1.711453E7,0,0,0,0,5191995.0,7326299.5,5897011.0,9265462.0,9602835.0,
98,192.99894238414896,0.41105682,,,,,,,,,,,1276713.1,7333580.5,1284885.1,5310456.0,5592408.5,6318898.5,6967100.5,2.1835924E7,4886502.5,4904420.0,0,0,0,0,6390803.5,6389145.5,6834955.0,7020987.5,7099861.0,
99,222.98845590785695,0.41105083,,,,,,,,,,,9779631.0,6.092602E7,1.5306905E7,5.8628304E7,5.6297644E7,6.089372E7,4.556751E7,2.7861418E7,4.7519676E7,5.8282944E7,0,0,0,0,3.855349E7,3.9018236E7,4.132851E7,4.207055E7,4.0567972E7,
100,333.0493946562002,0.4115786,,,,,,,,,,,536702.94,5760134.0,497111.4,8334553.5,5447180.5,7222477.0,1.2829631E7,6457814.0,1.2366642E7,6519422.5,0,0,0,0,5163967.5,4891934.5,4269676.0,6127120.0,5168233.0,
101,371.0054014222699,0.41210693,,,,,,,,,,,546178.06,6418188.0,848434.0,7928961.5,5559016.5,7424982.0,8228101.5,4217156.5,1.1021448E7,5311155.5,0,0,0,0,5265463.5,6093954.0,5225586.5,6190489.0,5946796.0,
102,171.0169783215647,0.41317955,,,,,,,,,,,3768176.8,3.232859E7,5162697.0,2.3582944E7,2.4618478E7,2.8217014E7,2.047422E7,1.793309E7,2.1142752E7,3.0239596E7,0,0,0,0,1.8804504E7,1.9130402E7,1.8852336E7,1.9790704E7,2.0275722E7,
103,207.01452908447175,0.41317955,,,,,,,,,,,1284713.1,8577852.0,1612009.0,8268843.5,7049113.5,7610354.0,9355095.0,2.9449074E7,7995403.0,5820865.5,0,0,0,0,7281343.5,7426479.0,7241546.5,8236560.0,8297539.0,
104,133.06108242271617,0.41423982,,,,,,,,,,,1.5812445E7,8.810722E7,1.737608E7,7.7677304E7,7.561546E7,8.500558E7,7.9935064E7,6.4813656E7,7.584786E7,9.4311496E7,0,0,0,0,5.4574108E7,5.212609E7,5.5987156E7,5.574318E7,5.566101E7,
105,185.03260349270465,0.41423982,,,,,,,,,,,6718108.5,9.203662E7,1.0705528E7,9.451331E7,8.012037E7,9.9524856E7,8.283534E7,7.28049E7,8.960826E7,9.260408E7,0,0,0,0,4.9019056E7,5.1181676E7,5.1247532E7,5.5558692E7,5.6870736E7,
106,169.0586501535399,0.41794506,,,,,,,,,,,1445620.0,7918712.5,1612972.4,9498427.0,6814598.5,8906288.0,1.3355964E7,4.93129E7,1.0979978E7,6262233.0,0,0,0,0,8237951.5,8132419.5,8450545.0,8580437.0,8312060.5,
107,130.0501689044661,0.42025092,,,,,,,,,,,4.7052948E7,1.8247938E8,5.7381704E7,2.1012798E8,1.6228307E8,1.9570107E8,2.0391312E8,1.7637955E8,1.9406779E8,1.9459965E8,0,0,129422.305,0,1.3573434E8,1.3811189E8,1.3738008E8,1.32573704E8,1.2424319E8,
108,147.0766328706711,0.4200677,,,,,,,,,,,7.859908E7,2.8706717E8,9.720404E7,3.3715245E8,2.6606445E8,3.2123968E8,3.3039222E8,2.9231898E8,3.2142266E8,3.2497475E8,0,0,0,0,2.1733522E8,2.1659182E8,2.2210093E8,2.1385024E8,2.0676838E8,
109,184.07361073746014,0.4200656,,,,,,,,,,,219032.36,3469334.2,291371.03,8197339.0,5231482.0,4453833.5,4435988.0,2849917.0,4267554.5,4016337.2,0,0,0,0,1383796.9,1479173.1,1543467.0,1628500.1,1648466.1,
110,172.95684835154722,0.4209338,,,,,,,,,,,8941079.0,2012370.2,9292351.0,1664429.4,1356372.2,1388129.9,1910335.6,1281410.9,2104963.5,1380764.8,355748.9,383427.06,523217.6,341293.72,4490562.0,4021370.2,4024181.8,3645268.5,3339653.2,
111,236.93889524886924,0.40396938,,,,,,,,,,,325794.88,0,0,0,0,0,175273.23,328167.2,0,0,2332816.5,2184692.2,2263820.8,2503731.2,0,1196451.2,1158409.4,0,0,
112,214.05904936317484,0.42005938,,,,,,,,,,,775207.06,2.8680618E7,1003872.06,2.0011852E7,1.630906E7,2.1223408E7,1.4827278E7,9735816.0,1.5340825E7,2.7366568E7,0,0,0,0,1.2283335E7,1.3554005E7,9445011.0,1.0594847E7,1.0776659E7,
113,155.0429422934355,0.4232585,,,,,,,,,,,961974.2,4332109.0,973854.7,3604158.8,3597540.5,3697457.2,4338008.5,1.8205222E7,3755943.2,3600100.5,0,0,0,0,4134522.0,4267787.5,4358677.0,4099902.8,3906278.5,
114,148.06066368137743,0.4237603,,,,,,,,,,,4797746.0,3.6994176E7,4182080.2,1.744745E7,1.8363186E7,1.804615E7,1.0774293E7,1.0086551E7,1.3413446E7,3.1640786E7,0,195906.73,260988.44,317886.03,1.6834284E7,1.654676E7,1.7888152E7,1.5594394E7,1.5223365E7,
115,159.07666610335124,0.42537007,,,,,,,,,,,3602520.0,2.5695888E7,3273415.0,2.0206156E7,1.5448686E7,1.9996834E7,1.4315899E7,1.1947465E7,1.6721328E7,2.5553222E7,0,0,0,0,1.3169492E7,1.344273E7,1.3881068E7,1.3036186E7,1.2498784E7,
116,217.95993550923745,0.39642707,,,,,,,,,,,0,539904.25,0,0,553397.3,931350.2,784313.94,256267.66,0,0,2713242.8,2404902.0,2853059.8,2933725.2,0,0,0,0,0,
117,252.97366917227103,0.4253677,,,,,,,,,,,519319.9,5998983.0,1296625.4,4002952.5,6126851.5,8053333.5,3482133.0,1686849.4,2707251.2,1.1703226E7,0,0,0,0,2282109.2,2247611.0,3045125.5,2463943.5,2387531.2,
118,176.10325368522072,0.42643008,,,,,,,,,,,7339928.0,4.1746124E7,5338049.5,3.239882E7,2.6229648E7,3.363907E7,2.4641532E7,2.0593898E7,2.8056846E7,4.164328E7,0,0,0,0,2.2920514E7,2.2748018E7,2.3859712E7,2.2722574E7,2.0599158E7,
119,223.9887666738263,0.3814896,,,,,,,,,,,540543.94,1693333.6,0,1484340.8,1796073.9,1484640.6,1165214.8,687026.56,0,2493956.5,625169.3,588099.56,1276316.4,2744792.8,0,0,0,599501.7,629373.0,
120,219.026727911313,0.42749158,,,,,,,,,,,1.0557302E8,5385809.0,1.27086296E8,2.3660504E7,1.1873799E7,1.2642593E7,9426208.0,2.2123934E7,1.9023064E7,5035357.0,0,0,0,0,6.47842E7,6.1144836E7,5.384005E7,5.2531076E7,4.5138064E7,
121,280.99544746966325,0.42696244,,,,,,,,,,,1.7095294E7,1321412.4,1.4074315E7,3531633.0,1847367.4,2644317.0,3109394.5,3871315.5,5337446.0,947457.8,0,0,0,0,8383069.5,8371856.0,8349692.0,7465285.0,6741789.5,
122,270.9668182285103,0.43328935,,,,,,,,,,,7149965.0,0,5847694.0,565665.25,310259.6,342962.4,334722.47,542379.8,679956.1,0,0,0,0,0,2445219.5,2210895.0,2141708.0,2120141.0,1729047.0,
123,215.01788853860174,0.42802283,,,,,,,,,,,1512826.4,8125495.0,3710982.8,6640113.0,9438839.0,7433368.5,5899572.0,3944867.0,5090978.0,9002984.0,0,0,0,0,4580219.5,4840229.5,5821935.5,4736816.5,4455993.5,
124,139.914890454875,0.42855516,,,,,,,,,,,1462106.8,9515897.0,3547577.0,7901388.0,8948921.0,6653776.5,3675542.5,4716698.5,5491698.5,9293777.0,0,0,0,0,6702784.0,6484401.0,7021586.0,6128407.5,6030362.0,
125,455.11660558140835,0.42749313,,,,,,,,,,,667286.56,1.9618814E7,987560.3,2.1545052E7,2.4953914E7,2.271109E7,1.4076392E7,7654554.0,1.7263192E7,3.762544E7,0,0,0,0,9198143.0,9548290.0,1.0080956E7,1.0075676E7,9702782.0,
126,451.0304649207328,0.43272057,,,,,,,,,,,7447502.0,0,6009664.0,0,0,0,0,174415.47,269401.8,0,0,0,0,0,1790813.6,1558248.4,1568737.4,1206793.9,1086799.0,
127,342.13982776898166,0.4440374,,,,,,,,,,,1.0400625E7,230839.38,1.0187042E7,965218.2,328819.22,302166.38,314617.78,713607.2,629375.25,331341.25,0,0,0,0,3641132.0,3231776.5,3508117.2,2772810.2,3570032.2,
128,143.08175625023205,0.43600523,,,,,,,,,,,1.3614525E7,6.7824296E7,2281472.5,5.0917228E7,2.5822844E7,8.372814E7,3860919.5,1.3090735E7,3.5048228E7,4.9939956E7,0,0,0,0,5.8016628E7,5.9262496E7,5.6207244E7,5.41186E7,5.417629E7,
129,177.0620368756139,0.43600523,,,,,,,,,,,2711585.0,6281340.0,3798475.0,5388212.5,8008444.0,6172283.0,5949552.0,4768707.0,4511850.0,6606363.0,0,0,0,0,4884192.0,5358964.5,5192538.5,4827050.5,4955332.5,
130,125.07128579652108,0.43570417,,,,,,,,,,,1111873.6,6385700.0,257537.19,4981244.5,2346770.0,7705737.5,461994.72,1153238.9,3097418.5,4550009.0,0,0,400213.7,333967.7,5851490.0,5746152.5,5702935.5,4648390.5,4607502.0,
131,414.0461875537854,0.43256643,,,,,,,,,,,7979880.0,0,5841544.0,880299.94,636029.4,756063.5,631028.75,664141.94,1158737.0,520550.4,0,0,0,0,2609022.5,2447320.0,2381960.5,1948055.6,1804674.2,
132,203.15040913294015,0.43814006,,,,,,,,,,,935713.94,8060892.0,1092839.6,9516503.0,1.2742518E7,1.2362089E7,1.2327395E7,1.1004986E7,8616542.0,1.2100428E7,0,0,0,0,7841958.0,7412173.0,7685229.5,7630978.0,8532699.0,
133,164.09194262029467,0.43760213,,,,,,,,,,,292809.5,192175.6,297374.66,198637.22,248084.28,257177.22,363012.56,694895.6,232621.73,219519.55,0,0,0,0,6089741.0,5960855.5,5456654.0,5124730.5,4940137.5,
134,203.05276671586915,0.4404073,,,,,,,,,,,1.1170606E8,3174147.0,8.3602856E7,1.8321238E7,9864865.0,9827386.0,9772320.0,4.2627932E7,1.5164093E7,3081937.2,719008.75,785363.44,870748.6,937008.25,5.0556276E7,5.1392064E7,4.253371E7,4.04257E7,3.843813E7,
135,198.09748901926793,0.4392009,,,,,,,,,,,4.136416E7,2298879.8,4.0030544E7,7523633.0,4565201.0,4922488.5,4212299.5,7597839.0,7297307.5,1904402.6,223748.16,234443.97,247024.9,254220.67,1.8494236E7,1.99315E7,1.716845E7,1.6711766E7,1.4866596E7,
136,180.08690218520348,0.44187325,,,,,,,,,,,3.9100412E7,1404577.0,3.553456E7,6779350.0,3986930.0,4192690.5,3674848.2,6668661.0,6488649.5,1248566.2,150983.66,149473.12,237233.44,197440.56,1.7120594E7,1.860255E7,1.5281925E7,1.5045326E7,1.3888622E7,
137,127.03932158511175,0.4405296,,,,,,,,,,,9957281.0,1693113.8,9103034.0,3100276.2,2092913.1,2088804.0,2054371.8,2276264.8,2087790.8,1341965.2,1039807.3,986973.4,3113912.8,2692710.8,6096850.0,5863334.5,4880265.5,4212778.5,3732264.2,
138,293.0632900542285,0.44187033,,,,,,,,,,,1078037.2,5554501.5,1401058.5,8204403.0,8996234.0,5892504.5,5780803.0,4413854.5,7220364.0,7998496.0,0,0,0,0,7913670.0,8215740.5,7215041.0,6928223.0,8034194.0,
139,136.0792369069824,0.4424028,,,,,,,,,,,6297090.0,2.3629356E7,4229490.0,2.3256404E7,2.4187754E7,1.8410728E7,1.3962778E7,1.6852984E7,2.1541386E7,1.4597014E7,0,0,0,0,2.582528E7,2.5079376E7,2.5573472E7,2.2938538E7,2.2680486E7,
140,145.04983517694242,0.4413728,,,,,,,,,,,1.1605953E7,817651.44,1.0126257E7,2222152.5,1515229.9,1498210.1,1254908.1,2044871.6,1889198.9,776598.1,359746.2,345505.06,734983.6,642064.56,5125278.0,5116259.5,4338981.0,4217008.5,3855617.5,
141,138.05526033720048,0.4427309,,,,,,,,,,,412938.0,771485.5,573557.94,1040454.25,1541046.6,912005.0,1049911.2,775492.6,876240.8,703746.4,923075.3,939377.6,1662708.8,1494682.8,1275727.1,1389756.8,1310945.8,1131753.1,1142482.6,
142,405.0507448048187,0.4443498,,,,,,,,,,,8913272.0,0,6806179.0,1335218.4,441253.75,617921.5,457666.12,1172871.4,920101.2,0,0,0,0,0,3796211.0,3920879.8,3393265.8,3132968.8,2823116.8,
143,191.10281073361708,0.44346893,,,,,,,,,,,1736683.9,7572713.5,1837209.4,6376662.0,7847390.0,6027998.0,7251749.5,6007078.0,5542525.5,5779049.5,0,0,0,0,5719550.0,6115297.0,5119606.5,5083350.0,5524660.5,
144,369.0290942179847,0.4449639,,,,,,,,,,,6374709.0,0,4528589.0,776177.25,345338.62,394696.34,332516.62,738133.4,648117.7,0,0,0,0,0,2518960.5,2596108.0,2269170.2,1924238.5,2039962.4,
145,324.01391228246183,0.4449684,,,,,,,,,,,1.4507609E7,0,1.0442911E7,1414356.8,361662.7,438200.16,572737.56,1254872.2,1249676.8,0,0,0,0,0,5001276.0,4559521.5,4177108.5,3617017.8,3558967.2,
146,224.8991307030098,0.44636708,,,,,,,,,,,0,0,0,0,0,0,0,0,0,0,1511710.6,1486357.0,1501197.0,1508440.4,0,0,0,0,0,
147,284.9048830831956,0.44636708,,,,,,,,,,,0,0,0,0,0,0,0,0,0,0,1000980.9,981839.1,1062431.4,1038127.1,0,0,0,0,0,
148,277.08956405762206,0.44667944,,,,,,,,,,,870485.6,2351034.8,805889.8,4183344.2,4318836.5,2824676.8,3737725.0,5103611.0,4120618.8,2692107.8,0,0,0,0,4398434.5,4932172.5,4193283.5,4018090.5,4593402.0,
149,387.03978032397265,0.44681486,,,,,,,,,,,9131717.0,0,6697446.0,1278506.5,517325.44,561411.4,451917.94,1152851.2,986841.1,0,0,0,0,0,3755589.0,3933902.8,3504221.5,3100500.8,2974256.8,
150,139.98242967902254,0.44656226,,,,,,,,,,,6032023.0,5214808.5,5731992.5,5312944.5,5378169.5,4958809.5,6304926.0,4913858.0,4835653.0,5407512.5,1.0412451E7,1.0298863E7,1.5587155E7,1.5522874E7,4915903.5,5043659.0,4679990.0,4805844.0,4908107.0,
151,243.87829653337212,0.44842383,,,,,,,,,,,0,0,0,0,0,0,0,0,0,0,903493.56,967374.4,818779.56,882262.2,0,0,0,0,0,
152,360.15014715806853,0.45050505,,,,,,,,,,,4399991.0,1412896.5,5485109.5,1887449.6,1343388.8,1491158.5,1117505.1,1338505.6,1539078.2,1027751.0,745080.56,645757.5,778514.5,910569.25,3534680.8,3557653.2,3393792.8,3025909.2,2880965.8,
153,365.10549485179405,0.45092687,,,,,,,,,,,4526745.0,916050.44,5067824.5,1611600.9,1012350.4,1215035.6,958473.56,1902256.8,1279464.9,604306.25,789731.44,718083.56,791223.4,986913.8,3290702.0,3513773.8,2933326.0,2816000.2,2731841.0,
154,267.9020941344493,0.39388955,,,,,,,,,,,2772972.5,2495100.8,2089829.1,3034206.0,2684670.2,2976641.8,4028054.0,2751258.5,3732249.5,2711039.5,1175064.1,1134085.5,1404153.4,880705.25,2637713.5,2968139.8,2710823.5,3069104.2,2540607.0,
155,196.06410628705754,0.45310432,,,,,,,,,,,8586514.0,2384013.2,1.3721018E7,6481487.5,8060465.0,5413985.0,8007676.0,8732135.0,7401097.5,4138551.5,0,0,0,0,8374497.0,9260581.0,8993882.0,8049355.0,8344903.0,
156,305.13441186027325,0.45417264,,,,,,,,,,,2342172.2,1.763514E7,320360.4,1.7929188E7,7494118.5,2.4837666E7,1033373.4,1977612.5,9386274.0,1.5811938E7,0,0,0,0,1.1258572E7,1.2425467E7,1.1537548E7,1.138643E7,1.1341023E7,
157,180.9825092600633,0.45421404,,,,,,,,,,,1025333.9,0,888107.94,377780.1,260582.0,249027.4,329493.78,417616.8,343299.34,0,0,0,0,0,696420.94,769033.4,597035.6,618141.0,526463.2,
158,175.108189304057,0.45736217,,,,,,,,,,,1.909568E7,2.7611936E8,6090899.5,6.6680484E7,3.104877E7,5.4656176E7,1.136752E7,1.3376561E7,1.8333834E7,6.777527E7,0,0,0,0,9.390007E7,1.0568456E8,9.433178E7,9.7334344E7,8.683441E7,
159,176.11114550432447,0.4568308,,,,,,,,,,,1616343.6,2.4923802E7,369808.34,5487577.5,2578299.8,4292776.5,582473.56,1049395.0,1357446.2,4760168.0,0,0,0,0,7015180.0,7645946.0,6978629.5,7300593.5,7727688.0,
160,244.0929863870146,0.46057594,,,,,,,,,,,1280349.6,1.9366884E7,1496229.8,1.5189877E7,1.7531762E7,1.3296616E7,1.0416519E7,1.0357017E7,1.1644628E7,1.5174061E7,0,0,0,0,7697655.5,8643352.0,7955133.5,8666333.0,8832149.0,
161,255.09777471547918,0.4609303,,,,,,,,,,,167636.08,5786900.5,0,8954868.0,1.241816E7,8348663.5,8434702.0,3493720.2,6807168.0,1.118496E7,0,0,0,0,3407580.5,4382204.5,3985267.2,4480073.5,4432939.5,
162,256.0816798379706,0.46272495,,,,,,,,,,,2938507.0,1.83867E7,2431137.0,2.5119892E7,2.5501466E7,2.4386788E7,1.6951694E7,1.3537857E7,1.9016774E7,2.711672E7,0,0,0,0,1.2012895E7,1.2679342E7,1.256034E7,1.2793514E7,1.2218631E7,
163,124.03966543470187,0.46934247,,,,,,,,,,,2620277.2,1.346442E7,2214237.2,1.8614786E7,1.7883804E7,1.7593298E7,1.2982068E7,9962597.0,1.2300381E7,1.7260418E7,990260.4,956418.56,2596089.0,2246314.2,1.0310496E7,1.0344131E7,1.0428801E7,9169977.0,8561620.0,
164,150.0777671484006,0.4632599,,,,,,,,,,,585461.44,5397385.0,746586.0,6457458.0,8255701.0,9032165.0,5546830.0,4560392.5,5579163.5,8162405.0,0,0,0,0,3301332.5,3389956.8,3726830.5,3445297.5,3496249.8,
165,126.05532178196455,0.51314926,,,,,,,,,,,1218029.6,1590674.2,1068608.6,2022799.4,1526222.1,1403198.6,1839830.0,1091899.1,1011850.3,919724.25,852609.7,819631.2,5052927.0,3719609.5,2801871.0,2535598.0,2213140.8,1304891.6,866605.0,
166,136.07014733080024,0.46445924,,,,,,,,,,,0,1160519.9,0,1083988.6,1454381.8,1051110.5,1392163.6,664342.06,944753.56,1139131.4,0,0,0,0,743742.56,779509.44,1015183.44,843308.06,697723.2,
167,150.09503160683408,0.4664634,,,,,,,,,,,798617.8,8317090.0,809976.06,5642093.0,7273824.0,6740948.0,3838188.2,2725221.5,4224657.5,7209731.0,0,0,0,0,3713030.5,4083137.8,5033712.0,3834034.5,3865884.2,
168,199.97590207359733,0.46454033,,,,,,,,,,,2640837.2,2060279.8,3006439.0,2311386.5,1976725.1,2109465.8,2471957.2,2007437.1,2523720.5,1880380.9,321573.94,305353.16,359497.72,0,2540616.2,2659963.2,2568599.2,2433411.8,2683273.2,
169,136.06205511961866,0.46706206,,,,,,,,,,,3374869.8,1.5195765E8,4153629.8,1.5243E8,1.765892E8,1.4325006E8,1.549327E8,1.0042919E8,1.2060933E8,1.8946976E8,462052.6,471126.28,553612.25,690438.25,1.0035857E8,1.0299711E8,1.0778714E8,9.9493384E7,9.653715E7,
170,152.0570051170287,0.4669992,,,,,,,,,,,443559.66,1.2326205E7,543843.9,1.1875621E7,1.4422441E7,1.1389965E7,1.3580363E7,9130217.0,1.0386877E7,1.91887E7,0,0,0,0,8029494.5,6883309.0,8417233.0,7340692.5,8183489.0,
171,175.1192388523542,0.40648344,,,,,,,,,,,3.9956844E7,4963486.5,2.6689396E7,4.0762138E8,4.8198285E8,4.6447466E8,4.05294E8,3.024207E8,3.764421E8,5.3543107E8,207294.5,243399.52,326713.66,1698512.8,1.9054394E8,1.1803456E8,2.026988E8,2.1777542E8,2.265742E8,
172,268.1041109235893,0.46861893,,,,,,,,,,,1260774.4,4.3003076E7,1567115.9,8.862206E7,8.5478856E7,8.426481E7,6.5357988E7,3.5574176E7,6.933089E7,8.2886E7,0,0,0,0,3.2703748E7,2.9408524E7,3.5768496E7,3.0975212E7,3.078043E7,
173,332.13400490602544,0.46861893,,,,,,,,,,,489141.62,1.2357503E7,707076.44,1.2240183E7,1.3608495E7,1.2395542E7,8974765.0,4880162.5,8897073.0,1.2793388E7,0,0,0,0,6595761.0,6633439.5,7212256.0,6535311.5,7001970.5,
174,308.0912464369264,0.47025734,,,,,,,,,,,344293.2,4460814.0,404056.7,4748784.5,2378906.8,3719929.0,2076432.4,3517192.2,3247217.5,1523686.5,0,0,0,0,1380227.4,1776800.2,1436145.5,1788278.0,1921745.4,
175,141.95885803824427,0.5649513,,,,,,,,,,,5710358.5,4022967.5,5527824.5,4143573.0,3835547.8,3401432.0,3950010.5,3759509.5,4176474.8,3708934.8,2964404.5,3306106.5,3922783.5,2601661.2,4600170.0,4358332.5,4559336.0,4375071.5,4289324.5,
176,180.99016435146038,0.49564397,,,,,,,,,,,1201186.9,799762.6,1184200.5,880237.3,749076.25,753502.5,849698.75,765021.06,959747.0,720501.94,628160.06,599779.2,746234.7,526506.5,1033826.56,990262.75,999413.8,1000498.1,869073.7,
177,182.98547246075472,0.49565908,,,,,,,,,,,1.986568E7,1.3594356E7,2.0462172E7,1.4170389E7,1.2450081E7,1.2138583E7,1.4506897E7,1.2633034E7,1.6089416E7,1.1824694E7,1.0244194E7,9905020.0,1.1942523E7,8397993.0,1.7570382E7,1.724948E7,1.7418884E7,1.6945176E7,1.5152335E7,
178,154.99051152367628,0.49786466,,,,,,,,,,,6855591.5,5698278.5,7080592.0,5720161.5,5368033.0,5054645.0,5654461.0,5323177.0,6076462.0,4922153.0,3601596.2,3544424.5,4642829.5,3511993.0,6444135.0,6411642.5,6420892.5,6395679.5,5542848.0,
179,214.0037259758232,0.49961653,,,,,,,,,,,6157440.5,5728332.0,5737451.0,5976904.0,5726599.5,5007077.0,6076480.0,5594342.0,5942809.0,5485229.0,5617744.0,5164051.0,5414479.5,5630292.0,5867629.5,5881454.5,5948682.0,5958219.0,5379072.5,
180,154.98256654138612,0.5421909,,,,,,,,,,,397766.22,420675.03,406135.1,465832.84,485780.75,458188.72,458429.94,413416.97,384154.6,467989.47,551837.8,589329.9,580072.1,648330.44,397322.22,470107.44,456076.78,399543.03,421441.56,
181,280.96159911635596,0.5004983,,,,,,,,,,,1257740.2,1513127.5,1182415.1,1570267.2,1627003.5,1491338.0,1709094.2,1557642.5,1662962.1,1524469.6,1608652.9,1533607.5,1673297.2,1560493.9,1250607.8,1398029.2,1442525.1,1401576.1,1428111.1,
182,182.02940661683724,0.500928,,,,,,,,,,,1.8326554E7,2.2297366E7,1.7820126E7,2.2438866E7,2.2434632E7,1.9368514E7,2.2153458E7,2.0855298E7,2.2269902E7,2.1852756E7,1.9707384E7,1.955005E7,2.2096676E7,2.1909262E7,1.8758144E7,1.922398E7,1.9158218E7,2.0428024E7,1.8597394E7,
183,281.9175403501551,0.50093335,,,,,,,,,,,2151485.8,1512357.8,2111688.8,1634074.2,1411129.5,1389611.5,1653161.8,1523039.1,1876139.4,1442058.0,1287379.5,1276658.5,1413343.5,875005.4,1786186.1,1895823.1,1782960.6,1822511.5,1728610.0,
184,180.03420919342494,0.5018001,,,,,,,,,,,1914053.2,2295373.8,1829159.1,2352704.0,2311376.5,2152169.0,2271154.8,2419249.8,2308817.2,2236678.5,2027189.0,2058023.5,2325111.0,2216442.0,1956948.1,1953120.0,2028215.0,2217348.2,1873563.6,
185,159.01344230901114,0.50223434,,,,,,,,,,,1513369.0,1701361.6,1491514.2,1794672.9,1677613.6,1618552.5,1851537.0,1660210.4,1762403.8,1774955.9,1705066.6,1669177.2,1997850.6,1931581.5,1540352.2,1584838.8,1531521.2,1672335.0,1551979.4,
186,245.99123791134053,0.507162,,,,,,,,,,,1037965.94,979930.3,917060.6,1127074.5,1035989.06,937455.7,1133229.0,1028746.7,1221638.9,1040041.25,1423606.8,1372443.1,1391554.1,1579657.8,972750.25,1040365.56,1042121.25,990148.06,999467.94,
187,172.97735867491042,0.5061698,,,,,,,,,,,1.2039627E7,1.0718957E7,1.1102681E7,1.147907E7,1.0266084E7,1.0309937E7,1.1291522E7,9894075.0,1.1095157E7,1.0630289E7,1.1225411E7,1.0467521E7,1.1271724E7,1.2107473E7,1.0926312E7,1.1387517E7,1.1378455E7,1.1188398E7,1.0458953E7,
188,271.9086691433402,0.5061927,,,,,,,,,,,1218921.4,1167888.8,1124257.1,1281811.0,1216264.4,1207635.1,1377179.4,1142802.6,1280455.5,1249635.0,1408411.1,1381119.8,1421909.9,1397428.2,1153534.5,1138203.8,1118167.8,1178561.5,1147330.9,
189,149.0600298489698,0.51813114,,,,,,,,,,,1299636.2,1921329.9,1057914.1,2373507.5,1684840.9,1540548.8,2035546.0,1128371.0,1080137.9,901918.2,831846.0,743195.1,8694004.0,5041352.0,4029458.0,3290921.5,2816275.5,1384711.2,881749.4,
190,168.01381015869092,0.5166591,,,,,,,,,,,1.6664351E7,1.7302274E7,1.6290366E7,1.9077704E7,1.707308E7,1.6605446E7,1.8451648E7,1.6561397E7,1.7134544E7,1.7924898E7,1.907747E7,1.8888066E7,2.1597848E7,2.1128942E7,1.6999344E7,1.7952544E7,1.818938E7,1.7076834E7,1.6853262E7,
191,167.01761388418532,0.5170608,,,,,,,,,,,1160344.9,1135724.6,1102628.6,1367141.5,1154400.2,1188375.4,1333591.5,1202738.6,1163253.9,1158164.4,1371195.8,1289950.4,1624768.4,1451467.5,1201704.1,1245318.4,1260393.9,1262602.8,1220145.4,
192,169.9776404741177,0.52229995,,,,,,,,,,,6127257.0,4894467.5,5762955.5,5125384.0,4953066.5,4937714.5,5193291.0,4588510.5,5408221.5,4612328.0,4559439.0,4661549.5,5143124.0,5523120.0,5698070.5,5808473.0,6309284.0,5568037.0,4840690.0,
193,266.94612527087537,0.5219311,,,,,,,,,,,1251948.1,1149415.5,1143675.4,1324813.6,1150171.2,1213141.9,1347668.5,1196239.8,1257156.1,1213591.2,1585139.2,1595026.8,1809275.2,1675192.8,1116979.1,1242091.5,1200890.1,1246941.1,1185963.0,
194,128.9510965742751,0.5271148,,,,,,,,,,,3032589.0,2789630.8,2915946.8,2873904.0,2609000.0,2757902.8,3040651.5,2686851.8,2618386.8,2697558.5,2663749.0,2705553.8,2949378.2,2824070.5,2842161.2,2940302.2,2915045.2,2994935.0,2849705.2,
195,196.0086997117659,0.5320881,,,,,,,,,,,4623348.0,4778108.0,4203789.5,4975140.0,4500148.5,4641736.5,5046220.5,4443602.0,4391901.5,4643087.5,6577299.0,6345438.5,6852311.5,6936432.0,4489501.5,4513065.5,4644366.5,4494063.0,4694051.5,
196,144.9977337350355,0.532441,,,,,,,,,,,1362362.5,1530566.2,1390623.1,1582790.6,1506127.6,1439402.0,1707382.9,1449659.0,1392724.2,1479956.1,1782334.8,1794387.0,2074270.8,2014967.2,1518205.1,1598654.2,1571939.6,1542758.2,1479925.5,
197,252.93021473229712,0.5605296,,,,,,,,,,,1052741.2,1026965.2,982026.75,1066552.5,1027798.4,1065363.6,1083981.4,992592.56,1021527.25,1037212.3,1317847.5,1313825.9,1445983.8,1316592.6,1053337.9,992603.2,1008287.7,1045663.56,1020303.25,
198,257.8938263937182,0.5759136,,,,,,,,,,,1230753.8,1075343.1,1047077.1,1078157.8,1108511.1,1102096.2,1126651.0,1006697.0,1099264.5,1064333.6,1196604.1,1117027.9,1203023.5,1166883.9,1130322.0,1094572.4,1124393.1,1150679.4,1035015.6,
199,231.97558979668324,0.5833905,,,,,,,,,,,866546.7,801772.7,786666.9,901119.8,790802.94,750773.56,906059.06,819420.75,812526.1,784673.4,1015944.1,1055633.5,1036056.0,1105926.4,740609.9,795298.2,850566.9,836083.3,853019.3,
200,153.99811693918332,0.588257,,,,,,,,,,,9511823.0,8785849.0,7728857.5,9009756.0,8560262.0,8123789.0,1.0461867E7,8788744.0,8114828.5,8510020.0,8925919.0,9571445.0,1.0844697E7,1.0711262E7,8035078.0,8340474.0,9446574.0,8737298.0,8833016.0,
201,127.03933639056083,0.60271883,,,,,,,,,,,1458164.9,1809064.6,1250512.0,2060368.0,1612870.9,1674451.6,2052789.9,1395144.8,1293061.5,1224450.1,1141557.1,1158495.8,4023344.8,3237060.2,2553495.2,2343278.8,2117535.8,1506546.1,1198339.9,
202,152.057073565138,0.5965701,,,,,,,,,,,372352.7,5579211.5,368126.6,3890663.8,3960423.5,3802557.5,3160226.2,3068248.8,3500140.5,6283004.0,266154.38,261177.44,257756.94,198753.67,2448269.2,2825957.0,2463355.8,3049160.8,3015272.0,
203,136.06208046766218,0.5983108,,,,,,,,,,,859388.5,4.201642E7,721589.9,2.5075056E7,2.600306E7,2.1614616E7,1.9895994E7,1.5426744E7,1.6132849E7,2.6213858E7,356776.97,341474.12,770290.4,580713.8,1.8866328E7,1.9801294E7,1.8003988E7,1.8157036E7,1.4606372E7,
204,154.99778148781314,0.59132636,,,,,,,,,,,617312.1,590023.06,540342.7,559083.7,561051.25,523413.4,653569.06,540265.44,520175.75,551448.44,605330.9,607611.7,771417.1,728162.6,512066.44,532216.8,597486.75,584897.75,558442.1,
205,141.95886893057872,0.5947703,,,,,,,,,,,5029216.5,4253878.5,4743211.5,4215100.5,3729297.5,4033842.5,4293452.5,3919652.0,4328741.0,3622507.8,3228771.0,3258191.8,4322384.5,3027891.8,4813572.0,4921670.5,4582672.0,4525433.0,4387465.0,
206,484.1171154899893,0.6069188,,,,,,,,,,,0,1116041.6,0,1107834.8,1354795.8,902128.8,1114730.9,710147.8,859864.06,1403280.5,0,0,0,0,415020.1,429177.6,491174.75,488783.7,477535.2,
207,124.03968319648098,0.6124795,,,,,,,,,,,1669206.0,4479186.0,1434222.5,6511444.0,5501461.0,4427375.0,5276300.5,4182515.0,4474613.5,4481037.5,973428.6,963760.06,2826324.8,2305839.2,4068953.0,4111081.8,3743820.8,3216855.8,2538912.8,
208,126.05531815195266,0.61783034,,,,,,,,,,,1258054.4,1732232.8,1021126.1,2147657.5,1615759.9,1460952.9,1944033.9,1185480.2,1087116.2,992515.1,897060.56,839850.8,5437002.0,3938431.0,3066008.0,2645269.5,2407121.2,1364104.5,927051.3,
209,123.05569784668916,0.6089623,,,,,,,,,,,208598.08,1103592.6,181695.2,1017140.7,1168632.5,758681.8,1016908.9,610863.44,676666.5,808266.2,0,123568.63,398178.62,358009.97,816559.94,854594.7,741563.94,668840.1,448622.94,
210,238.91469758019713,0.61421436,,,,,,,,,,,1071317.2,930268.25,979603.6,946933.94,921674.25,972640.2,1069530.9,998470.7,951640.94,947883.56,1132074.0,1173693.0,1247470.4,1208784.8,893894.0,988944.75,944844.5,957153.2,899754.9,
211,308.091188187271,0.61399466,,,,,,,,,,,530254.44,3515793.8,604986.6,3044465.8,1531554.8,2818977.0,1418923.1,2769541.2,2460641.8,1081375.2,0,0,0,0,1571890.9,1542202.2,1664038.6,1755372.2,1670917.4,
212,154.99974802169436,0.61721456,,,,,,,,,,,0,432930.44,0,581758.56,0,0,0,0,0,0,0,0,0,0,0,0,0,0,0,
213,181.99331862280695,0.621264,,,,,,,,,,,1611720.2,1421763.0,1249244.5,1367226.4,1383433.4,1359008.0,1701561.6,1459500.4,1318923.9,1365191.2,1566727.5,1573488.0,1583498.6,1647535.4,1408524.4,1293862.9,1633094.8,1418075.0,1485968.6,
214,150.05880183540268,0.624067,,,,,,,,,,,296394.12,2534510.8,404795.62,1975113.0,2227591.8,1849513.4,2327138.2,1686389.2,1675602.0,2838425.2,0,0,0,0,1351181.6,1342623.8,1455233.1,1288557.8,1315337.2,
215,154.99796296223303,0.5951854,,,,,,,,,,,629064.3,573242.44,537860.5,559083.7,585409.3,523413.4,636074.94,588166.8,532977.3,580833.44,605330.9,633997.94,0,728162.6,0,538380.5,609355.6,0,594168.44,
216,303.8836811607115,0.6252974,,,,,,,,,,,1360277.4,1160421.1,1259852.0,1235424.0,1135598.5,1166664.8,1252696.0,1104360.4,1178226.1,1044793.3,1231555.1,1240922.1,1235468.2,1220638.6,1302708.8,1319901.0,1243988.5,1215694.8,1205526.6,
217,176.97224390869738,0.6446627,,,,,,,,,,,1829688.8,1647952.9,1622159.1,1655687.6,1557746.4,1599145.0,1714451.9,1523893.1,1509774.4,1385400.6,1609322.5,1661592.2,2372213.8,2330800.5,1884137.6,1758108.8,1927500.9,1570163.1,1540708.9,
218,330.0599298212089,0.65413916,,,,,,,,,,,0,1635250.0,0,947775.5,1045624.94,764633.0,713070.7,568145.0,620033.9,1931410.5,0,0,0,0,619790.8,645390.6,654325.3,664189.3,671352.4,
219,182.02943839686307,0.66675776,,,,,,,,,,,2260884.2,2906696.0,2180705.5,3534303.8,2866307.8,2471035.5,3139546.8,2754601.0,2688460.0,2691016.5,0,0,0,0,2686770.0,2258097.2,2603175.0,2472742.0,2443305.2,
220,210.02431948731362,0.66788596,,,,,,,,,,,1142279.6,1425558.6,1057499.2,1710986.5,1511376.0,1207928.8,1459491.2,1382833.5,1315791.2,1384812.8,0,0,0,0,1253407.5,1084196.6,1219955.5,1244357.1,1160539.6,
221,236.93888787065825,0.7044537,,,,,,,,,,,1205802.1,1089158.8,1105731.6,1111134.5,971776.8,997427.2,1143405.8,1056374.9,1061174.4,1057815.6,1148618.9,1158119.9,1323182.4,1297061.8,1096352.1,1070218.0,1163776.0,1112368.5,1076389.5,
222,168.01383141375518,0.63749623,,,,,,,,,,,6013602.0,1.2548274E7,6105395.0,7766742.0,6790804.5,1.1932157E7,1.345926E7,6798552.5,5948585.0,6191251.5,0,0,5844338.5,6557681.0,6735202.0,1.2041051E7,1.226041E7,6266510.5,1.3443993E7,
223,186.992842856302,0.67518413,,,,,,,,,,,1651458.1,1898312.4,1681879.2,2430469.8,2197762.2,1865088.1,2025834.5,1941932.6,1785064.4,1813250.4,0,0,0,0,1897265.5,1891013.5,1747298.9,1806401.2,1804252.6,
224,196.04509167728608,0.67686594,,,,,,,,,,,2731728.0,3288911.5,2773295.8,4856392.0,4153151.2,2841196.8,3456126.5,3632810.2,3184731.0,3346892.8,0,0,0,0,3256450.5,2700317.0,2883761.0,3161951.2,2868165.8,
225,224.0399563881911,0.67686594,,,,,,,,,,,1644723.4,1845384.2,1665896.6,2874722.2,2498724.5,1645975.9,1948451.6,2163963.8,1769161.1,1939285.6,0,0,0,0,1765114.2,1530254.0,1654739.9,1872063.5,1533142.0,
226,149.06005301959138,0.67542714,,,,,,,,,,,1290099.6,1801836.1,1006943.6,2375158.0,1745565.1,1553582.1,2089445.1,1132692.1,1062039.4,917695.1,816586.56,787429.9,8607207.0,4913208.0,3922512.2,3339562.0,2706285.2,1354136.1,877510.6,
227,130.05023137291292,0.67967826,,,,,,,,,,,270068.78,3034346.0,382296.4,2652874.2,2588651.0,2884489.2,2396274.5,2665316.8,2360388.8,2910182.8,0,0,0,0,1635050.5,1614563.1,1534827.2,1623983.8,1710586.5,
228,186.95659205080355,0.70271534,,,,,,,,,,,1759162.5,1608870.0,1604296.9,1914072.9,1469796.2,1538020.8,1565482.5,1593536.8,1556369.5,1493203.0,1676732.9,1608098.6,2073318.0,1926521.2,1709013.0,1580603.1,1717054.4,1603952.9,1635233.9,
229,152.07097618525145,0.7085221,,,,,,,,,,,1769879.1,654220.9,2408317.8,910468.06,771905.94,759233.4,635802.9,794832.75,662607.9,579019.7,0,0,194325.8,178323.8,1555623.1,1600633.5,1554847.6,1436109.9,1056426.6,
230,170.08152218429632,0.71059376,,,,,,,,,,,4517080.5,1566411.9,6310839.5,2268740.8,2008584.9,1757119.5,1544881.5,1974748.6,1633679.5,1397489.1,0,0,0,0,3958572.2,4150587.5,3813250.5,3491012.0,2594635.5,
231,190.07133593313338,0.71339405,,,,,,,,,,,127045.734,1513310.1,135588.9,1105608.5,1040074.3,1339788.8,622585.56,680963.94,887697.5,1320880.9,0,0,0,0,624139.44,698587.06,665844.2,712351.1,644284.25,
232,346.05492420058454,0.71827096,,,,,,,,,,,0,1607660.0,0,854280.44,1065266.5,655996.56,758714.9,525475.75,529055.94,2239856.5,0,0,0,0,567413.3,617593.6,633998.7,650892.06,631449.6,
233,158.96164301921792,0.7523105,,,,,,,,,,,1.2548599E7,1.181094E7,1.1466594E7,1.2723994E7,1.1603324E7,1.1799171E7,1.2480284E7,1.1311598E7,1.1340249E7,1.1397821E7,1.1971344E7,1.1749414E7,1.5290666E7,1.4783819E7,1.2625565E7,1.3046782E7,1.2867336E7,1.1856707E7,1.209648E7,
234,231.08420817195662,0.72912043,,,,,,,,,,,308063.3,2711003.0,467558.84,1239674.2,2535183.0,1680657.5,1495624.1,1148829.5,843186.0,1855774.4,0,0,0,0,1339807.8,1257162.2,1276356.9,1294054.0,929014.06,
235,224.89909345035835,0.8073217,,,,,,,,,,,1282654.8,1190158.5,1281059.5,1203780.6,1168641.8,1227955.8,1247858.4,1304532.4,1317084.6,1236384.6,1377760.6,1432187.2,1841545.1,1752665.1,1178625.4,1263706.2,1278278.9,1234134.4,1201933.1,
236,267.90202777968153,0.7320177,,,,,,,,,,,1876521.8,1537936.6,1824981.4,1602725.1,1433124.9,1535184.2,1543858.0,1515219.2,1607752.0,1454914.1,1341210.9,1375278.1,1726434.2,1112330.6,1755263.5,1733424.8,1729091.6,1686943.5,1649116.9,
237,332.1340724548389,0.7538181,,,,,,,,,,,209288.27,5409943.5,263491.4,3671286.5,4321038.0,4088896.8,2413977.5,2427141.0,2366622.0,4415069.5,0,0,0,0,2148670.5,2261932.2,2442406.5,2543682.8,2058089.0,
238,182.0816109177605,0.7543752,,,,,,,,,,,440553.66,2658797.8,636553.0,2285683.2,2102019.0,1900968.6,2044795.6,1781064.9,1771886.8,2634533.8,0,0,0,0,1533924.0,1414636.8,1597087.1,1565704.9,1522161.6,
239,137.98740798791016,0.77768123,,,,,,,,,,,1959094.9,2259881.0,1636062.6,2260431.5,2077089.2,1985185.2,2280734.5,1851757.5,1889737.2,2176242.0,1940640.6,1978698.5,3058996.8,2449974.0,2304510.0,2158232.2,2120756.5,1869849.4,2143387.0,
240,132.04810382941457,0.7609546,,,,,,,,,,,0,9211685.0,0,7054662.5,5647223.5,5282045.5,581394.75,696273.7,3147124.0,4776460.5,0,0,0,0,3732580.8,3969599.0,3998942.8,3335219.2,2709098.0,
241,190.9933274986013,0.8103466,,,,,,,,,,,1076832.4,1086474.1,969804.75,1050906.6,985117.56,915281.7,1037944.94,956494.44,926162.44,1104946.8,1076842.2,1093906.5,1117750.2,934041.6,906498.6,1046174.56,1004433.8,1058803.9,1091196.5,
242,139.98252280321012,0.804059,,,,,,,,,,,1.2729747E7,1.227814E7,1.1501534E7,1.2311715E7,1.1780318E7,1.1581544E7,1.236246E7,1.1790097E7,0,1.25595E7,1.2849934E7,1.2660738E7,1.9102864E7,1.688133E7,1.2332154E7,1.2267815E7,1.2306835E7,1.164477E7,1.2439346E7,
243,130.9666976110654,0.81640476,,,,,,,,,,,1656083.9,1547311.8,1491798.8,1595740.2,1516904.9,1676241.8,1643782.0,1489331.2,1475916.8,1432514.0,1519220.5,1460523.2,1980232.4,1882172.1,1668309.9,1700320.4,1595048.9,1515007.6,1564714.4,
244,149.0600351711974,0.80346745,,,,,,,,,,,1290099.6,1863968.6,1001977.7,2458483.0,1678683.8,1523392.8,2058802.4,1190375.2,1115849.4,925707.1,852333.2,797342.7,8224585.0,4913208.0,4063079.0,3254912.5,2792237.2,1370598.4,882041.56,
245,136.06206888349124,0.8116735,,,,,,,,,,,444547.2,9410410.0,530241.44,1.2076849E7,1.1726407E7,1.163822E7,9180968.0,7489236.5,9153578.0,1.1979801E7,0,0,166550.62,179382.42,6135930.0,6640421.0,6398921.0,5559621.5,4676134.0,
246,268.1041010887837,0.8125424,,,,,,,,,,,1554474.2,4.083735E7,1934108.1,5.0004384E7,4.818096E7,4.8530516E7,3.8840924E7,3.1531834E7,3.9279292E7,5.0914504E7,0,0,0,0,2.6207618E7,2.833205E7,2.8284442E7,2.417291E7,1.998459E7,
247,303.8836642597939,0.8356398,,,,,,,,,,,1363586.6,1243010.5,1231031.0,1270244.8,1237825.1,1246186.2,1293028.6,1141231.6,1186250.6,1110504.2,1158107.9,1176503.5,1262848.0,1183663.2,1366767.8,1354960.2,1355386.9,1233104.9,1190196.5,
248,132.10220721038323,0.8332303,,,,,,,,,,,1554542.6,6468927.5,2491706.8,4679130.5,4636238.5,4267796.0,4765693.0,3784644.0,3914272.8,5745901.0,0,0,0,0,4075284.8,4009780.2,3914028.5,3551432.5,3599768.0,
249,236.93887873436924,0.8598648,,,,,,,,,,,1295523.6,1184732.1,1103475.4,1164592.6,1182697.2,1121159.8,1206274.2,1091001.2,1153089.2,1099268.1,1184341.5,1073402.9,1285548.9,1324755.9,1207777.0,1229597.5,1163776.0,1176487.2,1215766.8,
250,267.90205979967703,0.81502795,,,,,,,,,,,1839361.8,1460153.6,1719834.8,1641307.8,1480934.6,1522168.1,1561387.0,1565769.9,1615466.4,1502820.4,1383302.4,1394394.5,1771605.5,1162524.2,1751245.4,1723959.2,1856893.6,1606485.6,1649468.9,
251,137.9873902415707,0.8397861,,,,,,,,,,,2249485.2,2110282.0,1722947.4,2259695.8,1963108.0,1985185.2,2226913.0,1983758.9,1802964.5,2176242.0,1940640.6,1642778.8,3190922.2,2490287.5,2109887.8,2158232.2,2121437.2,2004458.9,2417002.8,
252,158.96162123263238,0.881749,,,,,,,,,,,1.3144744E7,1.2154235E7,1.1696749E7,1.2361734E7,1.2425153E7,1.2398048E7,1.2622696E7,1.1526312E7,1.1856805E7,1.1472287E7,1.2115326E7,1.1180351E7,1.5806862E7,1.4783819E7,1.2359152E7,1.3046782E7,1.2751764E7,1.2657982E7,1.1840119E7,
253,190.99331963646512,0.8696109,,,,,,,,,,,1325917.6,1053470.0,933764.3,1050906.6,1064756.2,1016414.75,1073352.2,935548.8,993583.9,1104946.8,1162533.9,912289.44,1197417.9,958894.75,1024029.44,1046174.56,0,1033632.0,1214585.4,
254,139.98249811164982,0.88586825,,,,,,,,,,,1.5122055E7,1.1915863E7,1.1033965E7,1.2311715E7,1.2535534E7,1.2670936E7,1.2297533E7,1.0962876E7,1.172496E7,1.1913299E7,1.1939775E7,1.0541796E7,2.0190362E7,1.688133E7,1.1894196E7,0,0,1.2024728E7,0,
255,130.96669747315426,0.89620256,,,,,,,,,,,1677906.8,1541961.1,1484082.2,1589490.9,1548874.2,1612832.0,1631110.6,1556015.5,1480660.5,1502745.9,1428176.5,1399010.4,2039860.9,1877271.9,1616612.8,1644067.5,1752864.9,1584850.6,1473225.1,
256,132.10222153983662,0.91173726,,,,,,,,,,,1385852.8,8493958.0,1817950.4,6279989.5,6969167.0,5267620.5,6897585.0,5255701.0,5272131.0,8091308.5,0,0,0,0,4773842.0,4512456.5,4539981.5,4384940.5,4230728.0,
257,217.95990817839268,0.93083435,,,,,,,,,,,1485574.2,1104472.9,1138335.6,1256941.9,1309901.1,1201667.0,1283156.0,1119713.9,1211855.0,1231971.8,1317357.4,1257611.0,1764475.8,1748166.5,1098973.9,1064204.0,1164406.8,1199229.4,0,
258,236.93887653488542,0.9295759,,,,,,,,,,,1236013.0,1152281.9,1103475.4,1173320.1,1170687.6,1171307.8,1206274.2,1123717.2,0,1124757.5,1184341.5,1171353.1,1271488.2,1324755.9,1110985.9,1151570.5,1168714.6,1208751.1,1141690.5,
259,152.05704407383115,0.9197947,,,,,,,,,,,0,661984.75,114918.09,415946.75,508841.03,552865.2,331144.72,360819.4,457102.28,1200251.8,0,0,0,0,328533.34,340231.7,320273.9,352305.34,390588.94,
260,186.95655664528277,0.95303285,,,,,,,,,,,1821815.8,1672652.8,1610324.0,1764761.2,1663119.4,1753533.5,1746780.4,1584664.4,1746584.6,1619720.2,1651513.2,1636338.1,2092944.8,1983292.8,1760580.6,1726562.2,1794113.1,1695322.0,1698809.2,
261,176.97221808801308,0.9557862,,,,,,,,,,,1824242.0,1668508.9,1645114.5,1776439.4,1693114.8,1686427.8,1697939.8,1573017.1,1783599.0,1578172.5,1646225.9,1699014.0,2361914.2,2214031.2,1906282.4,1774193.2,1785640.4,1758792.8,1669739.2,
262,243.87826212562481,0.9356557,,,,,,,,,,,982468.1,952592.25,958530.25,999417.2,972315.3,993973.6,978303.06,968680.25,976652.1,951333.06,1023435.06,1029035.56,1124780.4,1157764.6,932859.75,963121.6,993039.9,1035722.06,965370.94,
263,224.89907673789548,0.9444809,,,,,,,,,,,1406338.2,1339539.4,1400395.5,1420242.6,1356113.1,1369535.6,1398085.2,1359254.8,1428475.2,1465733.9,1459084.1,1466870.8,1829803.8,1835372.6,1329617.6,1357711.2,1362375.6,1404009.2,1458836.1,
264,158.96163139477278,0.97421575,,,,,,,,,,,1.3521135E7,1.2076587E7,1.2029952E7,1.2385205E7,1.2231206E7,1.2514989E7,1.2367763E7,1.1688848E7,1.1868848E7,1.2035384E7,1.1493889E7,1.1716877E7,1.400682E7,1.4625654E7,1.3008555E7,1.2501659E7,1.2558438E7,1.2309434E7,1.2170105E7,
265,149.02369005677568,0.99355346,,,,,,,,,,,615536.06,746267.6,537930.25,931509.25,725869.5,656664.75,803991.0,565608.3,528671.5,509742.8,483916.38,437872.28,2024888.4,1423137.0,1241736.0,1127647.5,985553.56,625647.5,488854.1,
266,176.9722189433158,0.9928276,,,,,,,,,,,1800129.8,1754631.8,1675241.6,1756318.8,1759948.2,1763142.6,1762525.6,1552527.1,1665764.4,1599572.6,1628628.4,1699014.0,2177395.8,2231985.8,1852257.5,1774193.2,1788127.9,1756287.1,1691895.5,
267,139.98253374919565,1.0098361,,,,,,,,,,,1.3335726E7,1.1775704E7,1.0777006E7,1.2965017E7,1.2924964E7,1.3834542E7,1.2528821E7,1.1594432E7,1.1905691E7,1.2265028E7,1.2099741E7,1.2144762E7,1.6713239E7,1.6598192E7,1.2829737E7,0,1.1471688E7,0,0,
268,217.95991807934857,0.99639755,,,,,,,,,,,1346901.1,1097621.9,1125706.2,1263067.5,1229861.1,1329301.4,1283425.9,1151641.1,1223143.6,1338852.1,1417329.2,1302544.5,1445853.2,1705255.9,1164094.9,1146179.6,1157688.1,0,1257790.9,
269,186.95655812570456,1.016599,,,,,,,,,,,1815745.6,1677815.0,1744407.4,1693427.6,1715213.1,1798752.9,1738762.2,1612158.0,1632869.9,1711020.9,1714929.1,1643850.4,1928436.4,2048091.0,1669530.6,1733954.8,1771559.0,1757215.2,1678425.0,
270,137.98738531348897,1.0387586,,,,,,,,,,,2157136.8,2095371.9,1595534.4,2280272.0,1934080.6,2078246.9,2075524.4,1903181.9,1778284.8,1876051.8,1773761.1,2041394.1,2691888.0,2422072.5,2409561.5,2164402.0,1881313.9,1727172.4,0,
271,130.96669782052288,1.026915,,,,,,,,,,,1619023.1,1525684.0,1543268.0,1637604.2,1653247.5,1590880.6,1629690.0,1460840.2,1576914.2,1479674.2,1398945.6,1427537.6,1881129.4,1884972.1,1710967.2,1625977.0,1675800.6,1526872.9,1482687.9,
272,224.89908815473936,0.998625,,,,,,,,,,,1431747.1,1372706.9,1412068.6,1459705.1,1467670.0,1387022.9,1498459.5,1350693.2,1410858.0,1378695.8,1555479.2,1428740.2,1743477.0,1887012.1,1379523.0,1390235.1,1417069.6,1389558.2,1465579.2,
273,243.87827367429097,1.0061438,,,,,,,,,,,1042185.25,956061.94,1005236.75,1034008.5,1061825.4,1026693.25,1039240.2,905519.94,969209.7,935184.94,1008049.44,986923.3,1098252.5,1176442.0,1034699.5,952739.6,986642.0,951426.44,996573.0,
274,236.93888399693788,1.0371767,,,,,,,,,,,1174884.4,1147036.9,1080767.5,1176503.0,1173486.1,1187378.6,1165535.5,1113280.0,1167257.9,1086816.9,1102217.5,1142436.2,1174292.5,1285285.9,1142459.6,1140773.9,1143096.9,1159493.2,1140645.5,
275,168.12334976677639,1.1083208,,,,,,,,,,,2498889.8,1284754.1,768851.94,1007024.75,1114783.0,955353.06,1747084.8,2139078.0,657607.7,1024984.4,490164.66,498242.66,360073.66,0,5314029.5,5267907.0,5205810.0,4336608.5,3269788.0,
276,173.0787210491509,1.1075631,,,,,,,,,,,4138503.5,2063564.1,1091605.0,1723537.0,1826544.9,1577816.0,2795615.8,3287134.2,1022127.0,1453429.4,684621.25,733446.44,0,0,9836846.0,9099172.0,9133554.0,7273059.0,4575339.0,
277,151.09680803655118,1.1062552,,,,,,,,,,,4334954.5,2305120.8,1387089.1,1874323.4,1952931.2,1755628.4,3027506.2,3752072.0,1282595.2,1803208.5,845644.5,925308.1,677685.1,469983.9,9250086.0,9037976.0,9226950.0,7603606.5,5938058.5,
278,196.15457543460897,1.1099186,,,,,,,,,,,650606.44,131435.78,322022.47,0,137091.0,133004.77,144499.02,679089.75,267107.12,464684.1,329395.38,403298.4,0,0,314406.3,251744.27,308094.22,930842.06,2006361.4,
279,139.9825137976683,1.1094127,,,,,,,,,,,1.3335726E7,1.1775704E7,1.1431203E7,0,1.1717246E7,1.325989E7,1.2199453E7,1.1180342E7,1.1132634E7,1.1915849E7,1.13489E7,1.2664349E7,1.5375011E7,1.6263244E7,1.233959E7,1.2536604E7,1.1471688E7,1.0837684E7,1.1221259E7,
280,182.02935886228403,1.1423676,,,,,,,,,,,4332139.5,4431985.5,4002049.2,4510546.5,4119625.0,4075760.0,4174788.8,4042396.8,4005089.5,4923566.0,4032562.5,3919551.8,0,0,4892070.0,5005625.0,3669920.2,3875726.0,4212399.5,
281,210.02420920250069,1.1421533,,,,,,,,,,,1528334.1,1456524.9,1329501.2,0,1432124.6,1340919.6,1382835.1,1406641.0,1448430.8,1747730.0,1445621.2,1471441.2,0,0,1668352.6,1742348.4,1320320.4,1393048.5,1494565.0,
282,224.07622188893816,1.1488593,,,,,,,,,,,1938714.5,2372869.2,1755411.5,1565825.4,1748360.2,1702547.1,1954230.2,1969063.5,2017915.8,2487352.5,1347512.0,1403710.1,0,435313.12,2141657.0,2221912.8,1780653.6,1774472.4,1799453.2,
283,252.07110353482554,1.1488588,,,,,,,,,,,1733946.9,2068564.5,1527713.4,1376581.4,1575970.0,1581556.4,1866740.0,1803544.0,1892734.8,2275193.5,1307755.8,1293478.4,0,438471.2,1923496.6,1923711.6,1634452.6,1619370.6,1646331.6,
284,182.02935507904968,1.1548883,,,,,,,,,,,4673213.5,4380214.0,4048186.2,3970124.0,4360531.5,3816006.8,3929687.2,3852248.2,3932401.2,4729448.0,3974926.0,3791705.0,1131048.1,2579216.8,4763026.0,4862475.5,3701857.5,4033732.2,4052119.2,
285,210.02423867898008,1.1531103,,,,,,,,,,,1656896.6,1392847.6,1361386.4,1358446.6,1431432.1,1409447.5,1355548.6,1318936.0,1391394.2,1675038.1,1462955.1,1366954.6,406616.06,903799.25,1611431.0,1888649.1,1284661.9,1454620.1,1432858.6,
286,137.98740438596954,1.1939228,,,,,,,,,,,2157136.8,2095371.9,1778592.5,2281869.5,1940359.0,2041444.0,2056113.1,2096282.4,1785842.5,1979682.8,1932521.4,2041394.1,2684198.8,2617930.8,2313358.5,2167965.0,2148083.5,2159856.0,1965212.6,
287,190.99328520735804,1.2431881,,,,,,,,,,,1209423.4,1278752.5,1304300.8,1536506.0,1039421.1,1480762.5,1194137.4,1152511.9,1182617.1,1057789.6,1282772.6,1304956.8,1264024.8,1403265.5,0,1251670.1,1294711.1,1654353.4,1273997.4,
288,147.06682671124327,1.2462146,,,,,,,,,,,327402.8,1.4857167E7,259186.48,1.1126426E7,1.0821413E7,1.107103E7,2981701.0,3108622.0,7212059.5,1.03027E7,0,0,0,0,8269502.0,7557770.0,8178407.5,7746038.0,6517767.5,
289,129.03713912176076,1.2444452,,,,,,,,,,,150319.88,9927680.0,0,7241496.0,6569364.5,6645370.5,1573505.4,1609097.9,4173358.2,6637596.5,0,0,0,0,4765283.5,4540424.5,4731827.0,4352887.0,3750206.5,
290,168.04558674850628,1.2440611,,,,,,,,,,,0,6061861.0,0,4691237.5,3574627.2,3690215.0,856077.0,803292.1,2077658.8,2988752.2,0,0,0,0,2575095.2,2522980.0,2592124.5,2518692.2,1826148.2,
291,191.1214126655945,1.2434407,,,,,,,,,,,142815.55,5511360.0,191384.78,3110200.5,4506734.5,5503549.0,619948.8,2112494.2,6559372.0,1.4163369E7,0,0,0,0,1224379.1,1302640.8,1481661.0,4652464.5,9498285.0,
292,146.06353863076987,1.2445506,,,,,,,,,,,5063490.0,2.3491451E8,3867039.8,1.7242234E8,1.5807966E8,1.6409682E8,4.6015816E7,4.777087E7,1.0889368E8,1.6091235E8,0,0,0,0,1.2137301E8,1.174484E8,1.2024167E8,1.1472012E8,1.000294E8,
293,163.09024546836568,1.2446855,,,,,,,,,,,0,4844651.0,0,3352160.8,3147944.8,3451464.8,658644.75,731276.0,1928559.6,3039837.8,0,0,0,0,2290152.0,2292231.8,2198832.2,2065084.9,1682276.1,
294,184.01950920307115,1.245946,,,,,,,,,,,0,1647894.2,0,1319205.4,1106238.8,1097756.6,281500.97,250732.55,626402.4,925415.75,0,0,0,0,797392.0,746692.25,764948.9,708856.9,532274.5,
295,254.16110691460082,1.2497284,,,,,,,,,,,137974.08,1537610.0,0,1156764.4,1200967.9,966656.8,674641.44,662782.8,670450.5,880809.25,0,0,0,0,776668.0,754943.3,880180.25,758121.6,673698.0,
296,139.98247182800878,1.2240376,,,,,,,,,,,1.0496505E7,0,1.1621837E7,1.1053966E7,9098833.0,9976061.0,9632469.0,1.1090619E7,1.0152723E7,1.1519751E7,1.2027894E7,1.1778493E7,1.4131822E7,1.6263244E7,1.08993E7,1.0411822E7,1.0907148E7,1.0979966E7,9578738.0,
297,162.99838420057188,1.2959245,,,,,,,,,,,1282945.6,1060345.9,1191643.8,1317534.4,968893.4,1270811.4,1081640.9,1362314.2,1133647.1,1328070.1,1103672.4,1272771.0,1347949.8,1371313.5,1339114.2,1131249.5,0,1267416.8,1112464.4,
298,151.0968461628144,1.2745525,,,,,,,,,,,332409.12,315659.1,234283.84,370550.38,305983.5,307976.56,351440.7,317098.06,234015.86,220397.45,194418.77,200659.78,2637685.8,2387137.5,538470.44,551469.7,507938.44,298838.34,267127.28,
299,178.12637168126477,1.2961972,,,,,,,,,,,197196.81,4449751.0,236243.44,1964870.9,2726107.8,1648758.6,1682038.2,872811.25,1381615.0,3307165.5,0,0,0,0,1615054.6,1676954.9,1718504.9,1602346.8,1594639.5,
300,165.05857571848102,1.3023578,,,,,,,,,,,0,1222965.8,0,458403.34,534768.6,291862.75,160827.28,0,253884.47,709623.44,0,0,0,0,388177.88,400003.2,368167.03,376620.5,398796.56,
301,190.9932733306089,1.3114414,,,,,,,,,,,1508506.1,1278752.5,0,1491944.2,1395268.8,1480762.5,1149378.0,0,1450803.5,1539136.2,1296100.8,1605845.1,1465542.4,1748133.8,1352005.2,1251670.1,1545141.4,1561375.4,1273997.4,
302,162.99843514436628,1.3251055,,,,,,,,,,,1282945.6,1060345.9,0,1269704.0,1206781.2,1270811.4,1023920.7,0,1133647.1,1328070.1,1103672.4,1242577.4,1236416.5,1397821.4,1168553.9,1054523.8,1275923.6,1204548.9,1139334.9,
303,226.07123838738974,1.3154246,,,,,,,,,,,0,1352180.6,0,752736.1,859486.56,842818.94,288225.25,287492.0,489418.75,998112.56,0,0,0,0,438640.7,446111.22,414364.2,456389.5,410186.6,
304,247.91504566497377,1.31805,,,,,,,,,,,1278060.4,1239642.4,1261437.0,1346148.1,1294449.8,1243953.6,1279071.4,1209798.2,1262959.4,1293605.5,1310592.8,1340147.2,1260504.0,1280944.8,1216643.5,1261708.5,1353974.6,1260593.5,1322590.5,
305,210.0763938867264,1.3388706,,,,,,,,,,,136819.02,2185169.8,0,1258746.2,1139798.5,1103403.4,566174.5,537792.1,883957.0,1473942.8,0,0,0,0,844326.25,823020.44,847476.9,880188.94,798818.56,
306,233.14973150462043,1.3593352,,,,,,,,,,,0,352243.38,0,0,0,0,211239.58,3525626.0,0,0,0,0,0,0,291548.97,240801.72,225727.81,221223.62,216316.23,
307,190.99335730239966,1.3713095,,,,,,,,,,,2076814.9,0,1276389.6,1595380.2,1395268.8,1557911.4,1326105.4,1057572.0,1450803.5,1750981.1,1370502.2,1605845.1,1465542.4,1800613.0,1556111.5,1171741.8,1832212.1,1497286.1,1385639.4,
308,137.98745619202657,1.3415357,,,,,,,,,,,2169522.2,1753451.5,1606055.0,2154696.8,1625033.8,0,1626379.0,1325503.4,1637460.2,1795569.5,1578836.9,1809781.1,2287468.5,2109952.0,2108282.2,1567111.2,1968279.5,1653553.4,1643275.1,
309,139.98251772974234,1.3303246,,,,,,,,,,,1.1242955E7,0,8970447.0,1.1053966E7,7636125.5,9668306.0,7701102.5,6371020.5,9248013.0,1.0031224E7,8774282.0,1.0774261E7,1.0835723E7,1.1941491E7,9952704.0,8017338.0,9507684.0,9274129.0,8442522.0,
310,275.11036131440665,1.3898749,,,,,,,,,,,0,2505346.2,0,619051.3,394838.6,399268.38,668325.2,280692.6,321917.38,1333338.2,0,0,0,0,740144.3,678417.9,767419.0,627933.7,404291.78,
311,120.08117689158865,1.4063303,,,,,,,,,,,232897.22,2017031.8,285464.97,1497956.5,1743082.1,1352670.5,1346970.8,792877.9,1004767.5,1746910.0,0,0,0,0,1206094.5,1233806.4,1200390.8,939668.4,748999.4,
312,166.08666154320147,1.4123456,,,,,,,,,,,2587141.0,1.6953226E7,2965367.0,1.2149274E7,1.498888E7,1.1766587E7,1.098118E7,8645895.0,1.0786001E7,1.7618082E7,0,0,140057.83,127666.2,8471143.0,8509713.0,9097441.0,9278881.0,8874733.0,
313,240.05049438767367,1.4088566,,,,,,,,,,,0,844406.9,0,1006313.44,1565624.0,785389.2,423909.97,551715.4,822810.7,1188589.8,0,0,0,0,462164.0,457177.94,504508.5,519866.9,518152.34,
314,149.0600530991564,1.3903852,,,,,,,,,,,1160329.4,1763564.2,965188.56,2157567.0,1608647.8,1406788.4,1976978.5,1077996.0,1030680.9,989694.1,746269.5,724151.44,7860811.5,4528367.0,3760428.0,2936499.2,2488507.2,1290195.9,810540.5,
315,139.9824781337653,1.450903,,,,,,,,,,,1.1242955E7,8258631.0,6620539.5,7509764.0,8093621.0,7956257.0,7125615.0,7066926.5,7451447.0,9257332.0,6709005.5,8686860.0,1.0471393E7,1.2124457E7,0,8132603.5,9193297.0,0,7354208.0,
316,226.05686064714973,1.459606,,,,,,,,,,,0,356751.84,0,418556.78,942359.44,292938.22,0,0,269558.38,319782.88,0,0,0,0,161865.27,201821.17,189700.83,216923.97,217224.02,
317,190.9933460611616,1.4954491,,,,,,,,,,,1804183.5,1718428.9,1320335.1,1365366.9,1768321.5,1600031.9,1326105.4,1401118.0,1440169.2,1724195.1,1266746.4,1447655.0,1849794.1,1597259.2,1623599.5,1592987.6,1741515.6,1294864.0,1358600.4,
318,162.99843660896812,1.5208161,,,,,,,,,,,1429361.0,1432331.4,1154774.8,1153304.6,1421007.2,1310544.8,0,1171186.1,1389052.8,1495608.4,1043855.3,1125606.9,1688194.0,0,1354882.5,1409174.0,1497864.8,1229760.1,1205206.9,
319,312.12906189180745,1.5256646,,,,,,,,,,,0,2450920.5,218004.0,1149156.0,2252320.5,2092528.2,1763073.0,1346649.6,901299.44,2949748.2,0,0,0,0,1037938.9,1036656.25,1089028.4,1043378.06,1053339.1,
320,342.116221520515,1.5308836,,,,,,,,,,,0,1083786.1,0,1180727.0,1363867.1,1166034.5,949369.3,768797.06,808479.4,914463.7,0,0,0,0,627186.75,572579.06,705380.25,608506.3,473455.3,
321,195.12295029722017,1.5519419,,,,,,,,,,,1.7954784E7,5.602997E7,8.4338856E7,3.2237556E7,5.345647E7,3.8233092E7,4.4673036E7,5.9397596E7,5.430145E7,5.5231156E7,4703435.5,4749018.0,1534000.0,1172335.6,7.916998E7,7.6288696E7,7.7291144E7,7.1292936E7,6.4841428E7,
322,212.1495472152311,1.549728,,,,,,,,,,,2917174.8,8967159.0,1.2907207E7,5072961.0,8404060.0,5736814.0,6894574.5,1.010634E7,8460983.0,8715898.0,617555.1,636862.75,232333.33,158802.34,1.2769665E7,1.2661584E7,1.2315113E7,1.132821E7,1.0250224E7,
323,365.1923714544215,1.5308979,,,,,,,,,,,0,226462.28,0,195428.6,403760.8,424349.88,175578.2,514763.3,635350.94,1109597.1,0,0,0,0,0,0,0,297791.88,713193.06,
324,177.1125010465156,1.5422238,,,,,,,,,,,335935.25,1034807.5,1479001.5,580319.06,1024170.2,654591.06,802375.1,1114755.8,1019328.4,995246.75,0,0,0,0,1533938.6,1505379.9,1448550.0,1365566.0,1248722.5,
325,133.08620329064215,1.5427773,,,,,,,,,,,252827.67,848191.06,1175787.2,502457.1,771701.94,521278.06,660042.44,829891.75,793382.56,788790.8,0,0,0,0,1310644.4,1239422.5,1230156.9,1113927.2,962935.9,
326,217.1056686308501,1.5496017,,,,,,,,,,,5289770.5,2.1221394E7,2.7177108E7,1.1310416E7,2.0257136E7,1.2982512E7,1.6060971E7,1.9489082E7,1.7626732E7,1.6618204E7,1340047.5,1378306.9,0,2560450.2,3.1570242E7,3.0295346E7,3.0763564E7,2.6320616E7,2.2302382E7,
327,240.180692346269,1.5449483,,,,,,,,,,,800713.75,1348602.5,8372027.5,542658.7,1625321.4,1208223.5,890676.44,4072876.5,4241832.0,5727893.0,507930.22,566608.8,0,0,995353.75,1080609.2,1262383.5,3741215.8,9376036.0,
328,233.07868220292426,1.5471708,,,,,,,,,,,1002936.3,3294451.0,3858515.5,2237807.0,3126713.0,2119477.8,2733131.0,2909280.2,2597875.2,2556790.8,309932.97,316689.1,2808713.0,2056911.8,5538852.5,4767718.5,4884852.0,3932117.0,3253520.5,
329,219.1342193755533,1.5448922,,,,,,,,,,,0,1323794.1,0,984114.6,1225912.4,969469.3,878024.3,690131.25,764758.9,1420640.6,0,0,0,0,539324.06,534356.25,571637.7,521463.6,531426.56,
330,220.1182715358631,1.5521984,,,,,,,,,,,276834.78,1707766.2,446248.88,1225306.5,1415462.5,1410831.5,953479.7,732534.6,754189.4,1847910.4,0,0,0,0,827422.3,847602.5,900782.0,866492.9,817892.3,
331,137.98749623719794,1.5404978,,,,,,,,,,,1866514.4,2114142.0,1655091.4,1819283.4,2031159.0,1599639.0,1843847.8,1673030.0,1548040.0,1943194.8,1307976.6,1278187.2,2581752.5,2061626.4,1921465.4,2134438.2,1919207.5,1542757.5,1668128.8,
332,217.1062797257008,1.5845063,,,,,,,,,,,377731.84,580892.5,338415.66,1282968.5,2730150.8,526580.1,2702713.2,481577.88,340407.34,0,1214417.6,1264095.6,1627257.8,922859.1,1049378.9,653127.75,1803539.9,1067058.9,338468.5,
333,165.11262684890593,1.5728817,,,,,,,,,,,0,196657.98,0,0,0,0,175523.28,1522059.6,0,0,0,0,0,0,236979.9,233667.16,262660.72,236717.12,169137.73,
334,182.13911171063378,1.5717902,,,,,,,,,,,0,187195.03,0,0,0,0,148712.31,1480021.1,0,0,0,0,0,0,241412.39,232791.55,241415.45,188687.66,181765.66,
335,187.09438844674878,1.5696434,,,,,,,,,,,0,385914.16,0,0,0,0,318217.22,3132589.8,0,0,0,0,0,0,603865.9,537523.94,534271.5,422687.9,324997.66,
336,195.12295566528329,1.5545748,,,,,,,,,,,1.6501814E7,5.657092E7,7.567426E7,3.4656876E7,5.584415E7,3.8460876E7,4.5801424E7,5.880347E7,5.1821028E7,5.0910336E7,4261999.0,4307289.0,5950443.5,5892135.5,8.0183544E7,7.745976E7,8.070494E7,7.988358E7,6.528724E7,
337,212.14953979995556,1.5545748,,,,,,,,,,,2584018.8,9139322.0,1.1970323E7,5509525.0,8776401.0,5969608.5,6984131.0,1.0237087E7,8045842.5,8031238.0,558658.7,576298.94,863039.56,861792.2,1.3261367E7,1.312448E7,1.2684251E7,1.2451886E7,1.0166689E7,
338,162.99843629821538,1.6061378,,,,,,,,,,,1566535.2,1348325.8,1180760.0,1299376.6,1651397.6,1273134.1,0,1374228.1,1397620.8,1372567.9,1210429.4,1142267.6,1637460.1,1615210.1,1354882.5,1409174.0,1481447.1,1038272.3,1413963.9,
339,190.99335137815376,1.5897263,,,,,,,,,,,1954206.9,1491568.4,1348924.8,1345967.8,1768321.5,1522490.6,1693309.9,0,1640976.5,1595542.2,1336226.0,1316541.9,1845135.5,1960718.2,1647414.8,1592987.6,1577905.9,1114595.6,1574367.8,
340,139.9824977198321,1.5865829,,,,,,,,,,,8646704.0,8258631.0,6568786.0,6449921.5,8093621.0,6736976.0,6729668.0,0,0,6669562.0,5707944.5,5735806.0,9431922.0,8919628.0,7336730.0,8132603.5,6353527.0,4825886.0,6409541.0,
341,157.08373749780478,1.6462063,,,,,,,,,,,899593.56,1029815.1,574566.5,1110092.0,959317.56,882350.7,1124135.1,835413.44,662808.94,587651.5,1053634.0,924849.25,1954828.4,2859062.8,1385046.8,1439955.0,1390851.5,954851.5,585093.9,
342,233.1498711040664,1.647885,,,,,,,,,,,0,539292.7,0,544823.2,659966.9,408937.1,534277.3,384514.94,450031.4,770138.9,0,0,0,0,241973.33,279517.38,254183.42,251311.4,274043.2,
343,162.05880854013665,1.6995234,,,,,,,,,,,0,764541.2,0,683827.25,1434735.2,567800.2,0,0,370474.06,671038.06,0,0,0,0,269055.28,277685.34,332482.3,309292.8,332211.12,
344,190.99336413040015,1.6857367,,,,,,,,,,,1990007.5,1624614.1,1119433.5,1461546.6,1690633.5,1501106.6,1548350.9,1561465.9,1640564.0,1514923.2,0,1293651.2,2006013.1,1466562.6,1687178.4,1577094.0,1465878.9,1090829.1,1656887.6,
345,194.0850887364213,1.6995331,,,,,,,,,,,0,1148845.1,0,1012318.06,2206192.5,819449.4,0,0,523671.75,1022829.4,0,0,0,0,401671.6,400768.78,452518.34,481184.47,438185.06,
346,146.06379606226506,1.7185229,,,,,,,,,,,0,1301428.2,0,1260629.0,1068810.8,988905.25,248547.39,386439.28,735785.06,885996.3,0,0,0,0,863711.75,771418.3,712759.56,578350.9,520812.5,
347,130.06544194019065,1.7259235,,,,,,,,,,,2950279.8,1.3781752E7,3233665.8,6088143.5,7486253.5,5957680.0,4146598.2,2641102.2,3709110.8,6528742.0,0,0,0,0,7210088.0,7529193.0,7394897.5,5293714.0,4219132.0,
348,139.98249206703505,1.6810049,,,,,,,,,,,7701454.5,6699970.0,4525888.5,5906807.5,0,4492524.0,6729668.0,5922721.5,5884959.5,5561583.5,5423131.5,5748127.5,8430352.0,6217985.0,6893229.5,6277375.0,5920051.5,0,6409541.0,
349,192.14186167319178,1.7350265,,,,,,,,,,,2778393.0,3.9741596E7,2368139.2,2.4559342E7,2.7150782E7,1.6377791E7,1.5586891E7,9954495.0,1.8971696E7,2.9433336E7,0,0,0,0,1.7094328E7,1.7535148E7,1.7235876E7,1.6145617E7,1.5786344E7,
350,162.99844570367742,1.7600706,,,,,,,,,,,1118389.8,0,0,1468749.4,1295280.8,0,1562403.5,1302524.6,0,1723744.9,1242223.2,1120214.1,1669899.9,1317818.6,1479838.2,1425538.0,1374363.6,1173566.4,1481212.0,
351,142.08660377818413,1.7250334,,,,,,,,,,,0,0,0,0,0,0,0,0,0,0,1093027.4,891073.9,1261817.9,1266672.9,0,164806.8,153452.33,0,0,
352,182.06157799006638,1.7837806,,,,,,,,,,,0,1451551.9,0,844513.44,880001.75,804852.06,244954.06,195127.78,468468.47,804728.56,0,0,0,0,634550.6,579544.44,582482.44,518196.8,429602.84,
353,205.13717580859242,1.7837806,,,,,,,,,,,0,1353529.2,0,574533.2,1053951.2,1075244.5,186083.02,479879.25,1429918.1,3172961.5,0,0,0,0,280788.03,368378.78,371400.12,909216.3,1964496.6,
354,160.07926483632036,1.7866777,,,,,,,,,,,1059890.1,8.361936E7,746565.1,5.2896948E7,5.5449784E7,5.3520364E7,1.6472093E7,1.5631481E7,3.5462932E7,5.913018E7,0,0,0,0,3.6749016E7,3.7037416E7,3.7238252E7,3.6465612E7,3.53314E7,
355,261.13109142730247,1.8387927,,,,,,,,,,,1025082.94,8206040.0,1.2098075E7,5025829.0,4247526.5,4032076.8,2124640.8,7215066.0,1.2556354E7,4299707.5,451096.84,433497.6,525486.3,672856.0,7044994.0,8677856.0,7763453.5,7032948.0,7200940.0,
356,239.14899685910473,1.8418518,,,,,,,,,,,7618233.5,5.2551932E7,8.407456E7,3.2504984E7,3.0399738E7,2.9577704E7,1.494047E7,4.9638244E7,7.83925E7,3.028207E7,3674359.8,3655091.8,2939977.8,4705538.0,4.5850156E7,5.152357E7,4.7798444E7,4.8476028E7,4.75279E7,
357,256.1755928440672,1.8423078,,,,,,,,,,,3152293.0,2.1979892E7,3.860669E7,1.3586456E7,1.3697282E7,1.3365381E7,6461939.5,2.2643152E7,3.2312772E7,1.2848588E7,1488859.1,1418816.1,1311893.8,1967297.1,2.0321224E7,2.2859212E7,2.163129E7,2.1703226E7,1.9525828E7,
358,277.1049791882734,1.8387927,,,,,,,,,,,367822.9,3046437.5,4681559.0,1809291.1,1599760.4,1583579.8,812425.1,2593844.2,4395381.5,1632984.5,178113.28,167488.05,276522.72,321445.16,2782359.5,2946131.2,2882771.2,2653305.8,2722188.2,
359,177.11248560991174,1.8327867,,,,,,,,,,,0,670771.2,1034744.06,394035.25,428086.6,379727.38,200646.75,636729.56,952082.6,401908.97,0,0,0,0,617157.25,701163.2,628141.6,628508.0,580000.5,
360,195.12304508694962,1.8185959,,,,,,,,,,,479771.8,1087853.4,1302425.9,903399.94,815327.7,757704.3,661964.56,1015573.9,1200258.2,723094.0,378322.3,345265.25,1132255.5,801289.06,1190280.9,1252099.2,1124838.4,981961.1,909530.94,
361,137.98752920421552,1.8342735,,,,,,,,,,,1553683.9,1612550.1,1236435.1,1786091.8,1608111.2,1493501.0,1569411.6,1616362.2,1816273.0,1669940.4,1340247.8,1188235.9,2282613.5,1675779.8,2050003.9,1818415.0,1823701.6,1638879.5,1723617.4,
362,284.20688858963297,1.835987,,,,,,,,,,,256207.39,793165.06,5716332.0,300402.56,569145.6,710992.7,169508.94,2282835.5,3982342.5,2027579.5,294686.7,302919.03,0,0,387844.3,496122.1,509932.34,1488972.1,3824915.0,
363,261.13108696297775,1.8427238,,,,,,,,,,,865184.4,7712321.0,1.148581E7,4536123.5,4201549.5,4202217.5,1889396.2,7347238.5,1.0800772E7,4127158.0,419551.38,392158.66,885753.4,653562.4,7603334.5,7999747.0,7175500.5,7007326.5,6495988.0,
364,277.10497358334084,1.843162,,,,,,,,,,,327620.25,2876388.5,4379728.5,1660167.2,1592135.0,1609482.5,708197.25,2655219.0,3883628.0,1565260.5,178113.28,167488.05,386628.22,304276.94,3070010.0,3064791.8,2721505.8,2631860.8,2487031.2,
365,239.1489919272177,1.8436205,,,,,,,,,,,6692150.5,5.0079716E7,7.990136E7,2.9514412E7,2.9672316E7,2.986532E7,1.3933853E7,4.948421E7,7.007276E7,2.9364916E7,3305559.8,3333128.8,5344037.0,4512589.5,4.920183E7,5.573753E7,4.6339772E7,4.720669E7,4.4309708E7,
366,256.17558684184695,1.8440546,,,,,,,,,,,2821427.0,2.1391252E7,3.6431784E7,1.245895E7,1.3162112E7,1.3038759E7,5964143.0,2.1934984E7,3.004834E7,1.2417624E7,1375825.2,1367180.6,2249845.5,1882551.5,2.1543956E7,2.4981378E7,2.0894712E7,2.0664124E7,1.8530544E7,
367,139.9824728194004,1.8501552,,,,,,,,,,,5499329.0,5034667.5,3535170.8,5883461.0,4754558.5,4682369.0,5264135.0,5238306.5,5721311.5,6273427.0,5339883.5,5533027.0,6386398.0,6074272.0,6006197.5,5955491.0,5436281.0,5471745.5,5568617.5,
368,190.993331973809,1.8677821,,,,,,,,,,,1866059.2,1414778.9,1145519.1,1704522.2,1402402.9,1251702.8,1471183.2,1580032.4,1654027.6,1828243.1,1621770.2,1690165.8,0,1622443.6,1590461.5,1584625.6,1552157.0,1441489.5,1522802.1,
369,162.99842720382165,1.873479,,,,,,,,,,,1538516.1,1272245.1,965710.75,1638941.9,1210159.8,0,1336134.8,1326667.9,1205430.6,1567861.9,1395721.2,1382308.8,0,1401199.2,1349189.6,1257472.0,1381689.5,0,1299013.4,
370,139.9825080410646,1.8713837,,,,,,,,,,,5430737.5,5034667.5,3535170.8,5901921.0,4228805.0,4682369.0,5264135.0,5030291.0,5721311.5,6274699.0,5339883.5,5533027.0,5412277.0,5768980.5,6006197.5,5955491.0,5119698.5,4907961.5,5568617.5,
371,485.11957587601063,1.8989552,,,,,,,,,,,0,1007846.9,0,286655.6,585815.2,230281.31,0,0,170634.45,526625.5,0,0,0,0,261047.19,303980.56,275027.1,282704.72,284076.06,
372,190.9933436470518,1.9080031,,,,,,,,,,,1866059.2,1368433.2,1145519.1,1820668.0,1402402.9,1411933.5,1516349.8,1580032.4,1654027.6,2075444.4,1748076.8,1737087.9,0,1700496.2,1100330.5,1417254.2,1652971.9,1552561.0,1617002.9,
373,209.13864557085844,1.9127358,,,,,,,,,,,0,535357.75,215909.02,176025.56,191463.3,174399.44,522950.38,3760904.0,158745.22,210177.27,0,0,0,0,718353.0,756685.56,762381.4,731280.25,720885.8,
374,231.1207826907529,1.9114221,,,,,,,,,,,0,249989.2,0,0,0,0,268212.72,1802575.4,0,0,0,0,0,0,419350.75,461661.25,418293.0,373258.97,337157.62,
375,188.07090393614152,1.9133297,,,,,,,,,,,728313.3,2867807.2,1232296.1,2663788.0,3203786.8,2140673.0,2394709.8,2139983.2,1823451.8,3312237.8,0,0,0,0,1585574.6,1967173.4,1912924.5,1828681.0,1774882.9,
376,205.09743854844132,1.9133297,,,,,,,,,,,541100.3,2215499.8,884257.06,1974678.2,2334744.2,1608286.1,1748863.8,1619048.2,1335564.6,2517471.5,0,0,0,0,1181257.1,1493404.2,1409971.2,1368020.1,1360416.0,
377,178.13423659377574,1.9281973,,,,,,,,,,,1226006.2,903656.0,1722161.0,240812.25,973227.9,342516.7,394851.16,0,0,935959.3,0,0,0,0,1106949.0,1125828.4,1089344.4,982435.2,901578.7,
378,162.99846647079139,1.9221507,,,,,,,,,,,1509490.8,1177065.1,965710.75,1638941.9,1210159.8,1157945.6,1446491.9,1326667.9,0,1710494.5,1395727.0,1585186.2,0,1425695.2,923736.25,1521870.6,1446252.2,1249006.4,1422585.1,
379,201.11021260358757,1.9692593,,,,,,,,,,,0,219761.44,0,0,0,0,192808.17,1389673.0,0,0,0,0,129396.586,0,511831.12,487247.7,465153.06,414437.0,320886.1,
380,190.9933498096578,2.0218868,,,,,,,,,,,1892171.6,1411801.8,1191462.8,1820668.0,1626812.0,1281805.0,1820178.5,0,1400140.5,2149858.0,1524654.8,1828627.4,1522684.5,1412832.8,1384027.1,0,1528904.8,1454688.1,1495770.8,
381,365.1208534949414,2.0192776,,,,,,,,,,,0,1746978.1,0,721507.5,406497.47,366966.4,0,0,264833.75,574584.44,0,0,0,0,519147.3,551524.3,489092.0,423672.12,373745.1,
382,163.07567323439665,2.016702,,,,,,,,,,,311644.2,911595.2,267494.47,751844.94,514048.62,442306.03,519509.8,311911.53,318395.38,439742.47,228512.31,223056.69,1670791.0,1069711.9,1058767.4,863022.4,810052.94,484951.75,344315.25,
383,162.9984719809947,2.0617757,,,,,,,,,,,1698426.8,1295009.4,1041337.5,1795795.4,1453098.9,1111890.9,1649275.9,1290610.0,1376262.6,1755394.2,1750360.6,1616182.6,1583296.5,1333485.4,1421610.1,0,1352701.8,1249006.4,0,
384,277.16621056478704,2.038552,,,,,,,,,,,440858.34,1.3747574E7,146603.42,4604191.5,2526565.0,2430158.5,291583.0,1413416.6,1359227.2,4667760.0,0,0,0,0,3624989.0,3957260.2,3675842.8,3586042.5,3324112.5,
385,139.98255348373993,2.0401483,,,,,,,,,,,5066092.5,4140236.5,3810884.0,6156789.0,5513754.5,3683223.2,5116875.5,4249586.5,4376181.5,5737182.5,5198293.0,5172301.5,4811215.0,4692828.0,4250814.5,0,4911582.5,4271874.5,0,
386,231.17067258416762,2.045534,,,,,,,,,,,0,958882.3,0,755846.44,898037.06,673029.1,762786.94,591399.56,742961.0,1173321.1,0,0,0,0,402167.56,413217.8,463718.72,417229.12,470929.97,
387,226.1651824969353,2.0499492,,,,,,,,,,,318672.16,823211.25,786591.25,471033.84,814625.3,475964.25,631659.1,924845.06,726856.94,886045.9,0,0,0,0,1091736.0,1153744.5,1101431.9,1097719.8,956453.6,
388,209.13863397351187,2.0542126,,,,,,,,,,,587894.0,1755117.2,1641854.4,969179.25,1759015.2,1035850.7,1391987.1,1999370.5,1582702.5,1852917.8,0,0,183079.33,0,2314501.8,2385783.8,2285916.5,2334726.8,2038847.9,
389,226.05693434977107,2.066447,,,,,,,,,,,0,952301.7,0,1376495.1,2422529.8,952404.3,271032.75,333019.8,948924.0,994898.8,0,0,0,0,449186.47,514822.38,464642.03,510695.47,497894.16,
390,321.13132195902756,2.078383,,,,,,,,,,,266187.1,1522322.0,1222611.4,845936.56,520304.1,585699.3,249417.89,940257.0,1272427.8,315078.06,223987.61,231012.31,488401.75,314622.6,866047.1,992257.1,1005336.44,943849.8,877680.06,
391,283.17533722341904,2.077029,,,,,,,,,,,4754049.0,2.658757E7,2.2330878E7,1.5398785E7,9417314.0,1.0666584E7,4289634.0,1.7466998E7,2.3811344E7,5906147.5,3900650.5,3751314.8,7890154.0,5436346.5,1.5560608E7,1.7485708E7,1.67278E7,1.7011178E7,1.5753831E7,
392,300.2019593163708,2.0774636,,,,,,,,,,,5927025.0,3.2920666E7,2.8087796E7,1.8445178E7,1.1918748E7,1.3271642E7,5124281.5,2.1795654E7,2.9530066E7,7553338.5,4686556.0,4587079.0,9994389.0,7003524.0,1.9891794E7,2.1833742E7,2.0766456E7,2.0895362E7,1.931589E7,
393,305.1573187972031,2.0774636,,,,,,,,,,,584927.9,3390164.2,2627473.8,1965228.8,1095348.6,1304237.0,542298.8,2028528.6,2930728.8,655109.4,462872.75,420762.3,1026910.25,625819.94,1978092.8,2171114.2,2162409.2,2052240.8,1987894.1,
394,328.23324319338764,2.0783613,,,,,,,,,,,136872.84,335798.9,1029370.4,0,0,198250.67,0,544904.44,934036.75,294277.72,295467.2,293038.97,0,0,0,0,0,387258.47,1013096.0,
395,201.16000394240766,2.0886974,,,,,,,,,,,923715.44,1015685.0,915691.94,997381.25,966692.9,973602.1,986438.2,957732.3,965625.25,904133.7,821247.4,852374.44,1319923.1,1153311.0,881262.1,977576.3,982901.44,953906.44,924009.1,
396,360.2230027404381,2.0949478,,,,,,,,,,,439488.53,397850.97,387925.6,405588.12,413440.25,393773.34,408239.88,405449.25,416952.06,353548.6,409423.47,411415.28,2104810.0,840295.4,422110.34,423236.53,432409.06,426974.8,381943.34,
397,158.0968242762417,2.0644953,,,,,,,,,,,547687.75,641246.75,483497.0,550368.25,544380.7,461963.97,563044.2,515561.2,501317.34,537172.5,966398.0,1026486.25,1362682.2,1188874.2,576370.5,603972.3,549527.06,474213.16,472874.6,
398,162.99847260915624,2.1198535,,,,,,,,,,,1698426.8,1233246.9,1184113.0,1674197.5,1625152.8,0,1514975.5,1419910.4,1305373.4,1754282.0,1750360.6,1637262.4,0,0,1213629.0,1285802.2,1412033.0,1199213.4,0,
399,155.15460372729763,2.0931466,,,,,,,,,,,152254.55,153300.38,178257.92,172231.23,169080.45,173678.64,189537.03,172618.52,172865.48,148392.64,836099.2,830935.2,947788.7,1014641.44,181009.45,266341.2,260022.45,234137.6,172928.86,
400,190.99338305051768,2.1191344,,,,,,,,,,,1822314.8,1483529.9,1297525.2,1932103.5,1820623.4,1182080.9,1686762.6,1554685.5,1475775.0,1984811.1,2032336.2,1963888.9,1582490.1,1389901.4,1530165.2,1559678.2,1620391.5,1377806.4,0,
401,286.212725329548,2.1468685,,,,,,,,,,,2671933.8,2634920.2,2369183.8,193234.7,2918889.8,203621.05,3082434.8,2774609.2,2692788.2,2530689.5,218484.73,2545861.0,514609.5,443675.06,2821003.2,223961.36,2997339.2,2742661.0,2372551.0,
402,395.1313251538285,2.1477294,,,,,,,,,,,0,1481688.1,0,445457.7,404094.78,281198.34,0,0,199030.42,379354.47,0,0,0,0,407396.06,407059.66,406453.0,451476.5,308828.97,
403,193.08642919984803,2.1469493,,,,,,,,,,,0,1224957.1,0,392097.62,322913.88,252576.84,0,0,158253.88,355382.78,0,0,0,0,358555.7,334494.0,324555.53,342154.84,297494.16,
404,139.98259852046627,2.1741087,,,,,,,,,,,4582095.5,4213946.5,3058092.8,6156789.0,5513754.5,3162432.2,4329192.0,4056873.2,3984877.0,5107432.0,5656149.0,4956062.5,4677330.0,3548734.2,4265784.5,4335443.5,4840855.0,3601706.2,4306293.5,
405,286.21274598153286,2.1921744,,,,,,,,,,,2619126.2,2761910.5,2363722.0,3010104.2,3157340.2,2947368.8,2961453.5,2801084.5,2774095.8,2593738.2,2327513.5,2513400.5,5015056.0,3744551.2,2833471.5,2818629.8,2913192.2,2614182.0,2332116.0,
406,238.16517336049267,2.218448,,,,,,,,,,,0,1245692.4,1883003.4,563632.6,1270566.8,824389.06,802420.9,1329751.9,1713918.0,1325916.2,0,0,0,0,1332555.5,1289894.2,1267818.6,1273241.1,1112002.1,
407,243.12068437763634,2.218448,,,,,,,,,,,0,756371.06,1201882.4,365394.72,805484.44,544763.7,514822.9,818939.3,1055438.5,877828.8,0,0,0,0,848831.7,785150.6,869337.4,859720.56,754671.94,
408,130.1593936914418,2.2294052,,,,,,,,,,,3593387.8,3904790.2,3358501.2,3980781.2,3805376.8,3634828.8,4249332.0,3812714.2,3638863.5,3552067.0,4957200.5,5382690.5,9568863.0,9341365.0,7271704.0,7029705.0,7201441.0,6020642.0,4670750.5,
409,137.98764221831692,2.2617261,,,,,,,,,,,1602762.4,1442320.8,959428.3,1846333.0,1422799.5,1256985.5,1584127.8,1326756.1,1343423.0,1589091.2,1510246.9,1155099.6,2059687.5,1545295.5,1523704.8,0,1697453.9,1228543.2,1385575.2,
410,277.1662216222387,2.261262,,,,,,,,,,,0,5596122.0,0,2186980.8,598678.3,884172.8,0,679695.7,414694.06,1688465.0,0,0,0,0,1384785.4,1389052.1,1375679.9,1295003.0,1216293.4,
411,371.26549369100456,2.2615235,,,,,,,,,,,2790950.8,2332090.2,2595729.8,2287904.0,2068541.0,2450462.2,2237802.0,2151510.5,2205920.5,2181215.0,2630579.8,2611355.0,7209524.5,5057774.5,2628217.8,2536826.8,2444774.8,2449470.0,2449523.8,
412,162.99852464645267,2.2735875,,,,,,,,,,,1677332.5,1353510.8,1033646.9,0,1455190.6,1546123.2,1596744.2,1945545.1,0,1885014.9,2128753.8,1372801.4,1505206.6,1390408.5,1258417.9,1505416.8,1803447.8,1122182.2,1575108.8,
413,327.20155665128925,2.2700052,,,,,,,,,,,6397157.5,1.8994936E7,5733531.0,1.0818868E7,5732379.0,6248111.0,4683718.0,6118329.5,6076434.5,4873651.5,4927377.0,5056368.0,1.4615309E7,9457196.0,9112233.0,9815924.0,9133941.0,8562213.0,8088211.0,
414,344.2281636252474,2.2700052,,,,,,,,,,,1.6456884E7,4.8027976E7,1.4667039E7,2.6936044E7,1.4532239E7,1.5587004E7,1.1928404E7,1.56412E7,1.5841701E7,1.2213671E7,1.2640333E7,1.2868008E7,3.7819264E7,2.4639884E7,2.3068906E7,2.5362144E7,2.3550382E7,2.2253172E7,2.0768246E7,
415,365.1575367111183,2.2695527,,,,,,,,,,,561523.0,1615111.5,503938.9,892713.2,483986.78,504550.72,404107.4,522628.34,511032.6,438313.78,411255.38,421953.38,1354171.2,860842.25,803883.7,845772.6,815578.25,727369.25,675340.9,
416,349.1835269996427,2.2700086,,,,,,,,,,,518241.1,1516397.5,420807.62,855440.56,443555.28,495330.5,400998.44,474626.66,482439.75,402368.94,365543.44,405860.1,1249127.4,784805.94,749888.8,780452.4,734181.1,655206.25,624146.44,
417,166.14426735626034,2.2837455,,,,,,,,,,,146387.05,178087.11,147333.14,174648.27,167925.28,164999.2,177206.28,178554.27,169472.33,147420.17,212219.6,228188.11,4836782.0,482776.78,177000.67,210660.44,187386.98,186358.33,160044.66,
418,404.2493058265181,2.2784953,,,,,,,,,,,560125.3,551799.06,521451.03,493198.47,513487.25,495577.2,478273.62,493002.56,502645.88,480465.2,498570.8,515111.16,2938584.5,1213471.5,577369.94,581188.25,540221.8,545056.7,500783.1,
419,190.9933976651495,2.2957027,,,,,,,,,,,1878005.9,1451694.8,1160400.0,1839430.5,1690888.2,1782529.5,1867341.1,2137400.8,1704998.9,2085472.1,2612114.5,1581180.4,1702066.0,1534657.8,1565143.4,1661341.2,1928599.2,1311219.5,1791504.9,
420,149.11761802562577,2.285101,,,,,,,,,,,401655.03,434672.78,381024.16,465544.28,431676.28,430592.4,425882.1,430752.06,430083.75,374274.5,659406.4,604248.9,1.1019781E7,1218890.1,445748.2,564413.94,484077.84,400973.1,391508.78,
421,223.15440051508202,2.2931802,,,,,,,,,,,0,264573.38,156466.75,125232.83,157510.14,131956.05,268962.38,1560134.1,0,171172.53,0,0,0,0,385669.72,401305.97,398349.84,400659.66,372215.78,
422,139.98259005629626,2.2919524,,,,,,,,,,,4582095.5,4892147.0,3341269.0,4489529.0,4026073.8,4202958.0,4329192.0,5252241.5,4317473.0,5245545.0,5861508.5,4217669.5,4677330.0,3845642.8,3838770.8,4123063.5,4840855.0,3268471.5,4730298.0,
423,251.131292237549,2.2952137,,,,,,,,,,,1127536.4,1152405.4,975134.06,1161387.9,1207145.2,1100721.0,1108144.1,1079275.2,1032259.25,1026769.4,1007919.9,942304.0,2358747.2,1773083.2,1138552.0,1167244.0,1127702.1,1170636.4,962634.06,
424,270.1913789617059,2.3075492,,,,,,,,,,,198965.83,1731203.6,2508652.5,1111885.6,1517717.6,1196373.2,961632.75,2011502.1,2344319.0,1510830.8,0,0,212322.38,0,1825627.9,1888675.9,1844984.9,1624340.8,1575594.5,
425,253.16483095124192,2.30736,,,,,,,,,,,0,1230830.2,1749917.0,787189.3,1102403.8,846852.6,697646.7,1434456.0,1664854.5,1091958.8,0,0,130300.39,0,1313590.0,1367083.1,1452234.1,1174628.6,1132473.9,
426,215.1258354286606,2.3608568,,,,,,,,,,,1432014.1,783417.8,416414.2,795539.56,835743.6,654568.56,1237597.6,904072.44,496469.88,735465.7,793885.25,705752.25,897076.7,578292.06,5933658.5,1363429.5,5996415.5,4797516.0,3352678.2,
427,364.12394653457676,2.3105924,,,,,,,,,,,0,732165.94,0,668949.9,567824.75,762489.1,510685.2,641879.3,787539.5,744520.06,0,0,0,0,379088.25,378293.2,364611.56,376363.53,423318.7,
428,358.2074047260365,2.3147244,,,,,,,,,,,507045.22,506534.47,431485.12,487797.8,485445.88,482738.88,465762.53,472424.56,473738.66,401200.22,741639.4,768608.3,2228229.0,1230551.9,676993.3,1059432.4,876962.56,701346.7,618199.9,
429,245.136468118719,2.3137763,,,,,,,,,,,0,176893.89,0,0,0,0,160516.3,926460.9,0,0,0,0,0,0,931129.1,1136805.6,983122.7,1098404.5,912752.1,
430,160.07600196940075,2.3208153,,,,,,,,,,,1906372.4,6589283.0,1607035.2,4395098.5,3487857.0,4489779.5,4202487.5,2046490.1,3359253.0,5979817.5,0,0,0,0,3348224.5,3823594.5,3578131.8,3359983.5,2826777.0,
431,470.3708241102731,2.3146868,,,,,,,,,,,513411.53,385178.25,360023.53,419139.75,330075.53,384551.78,350279.16,343193.03,351770.88,340143.34,423664.25,467167.1,1540434.4,967172.0,498040.44,454451.9,442413.7,406977.88,360343.28,
432,284.1705552541639,2.3418016,,,,,,,,,,,0,548672.0,700739.56,362744.44,552604.9,375725.8,454498.44,316651.22,686578.25,491285.84,0,0,1379401.2,194573.55,205341.44,576926.7,581393.9,210167.56,491742.53,
433,162.99851303697457,2.3419282,,,,,,,,,,,1810458.2,1935405.1,1334709.5,1648316.9,1455190.6,1546123.2,1632047.2,2147940.0,1666660.9,1482873.1,1833916.4,1713666.8,1649121.1,1617880.8,1381705.4,1565907.4,1803447.8,1122182.2,1606283.1,
434,193.1438990702279,2.4171047,,,,,,,,,,,1094094.2,537081.44,335151.22,530788.3,592777.2,466696.5,874330.3,625429.4,360046.56,537037.7,677464.25,735052.75,595844.5,516875.62,3667204.5,2028732.1,1961471.0,1694911.8,2502673.0,
435,215.12582666152085,2.4171023,,,,,,,,,,,3114292.0,1669517.6,880180.4,1636716.5,1703473.8,1335737.0,2500753.5,1652106.5,1050437.4,1390691.1,1955479.9,1889091.6,1466166.0,1423997.1,1.1562279E7,5204843.5,5295607.0,4269587.0,6636891.5,
436,190.18060747415004,2.3624618,,,,,,,,,,,0,293193.22,0,0,0,0,309925.03,3049644.2,0,0,0,0,0,0,0,180559.52,194593.77,205248.62,232058.33,
437,174.09510580798258,2.3809993,,,,,,,,,,,0,2.5963168E7,0,1.4007346E7,1.4625353E7,1.4720344E7,6003409.5,4492130.5,8737299.0,1.8819656E7,0,0,0,0,8529422.0,8625234.0,8724595.0,9016227.0,8112448.0,
438,219.15271755149593,2.3841972,,,,,,,,,,,0,359789.6,0,0,213649.88,246370.97,0,0,288110.38,699827.56,0,0,0,0,0,0,0,173966.34,348835.2,
439,306.2641824850391,2.3889272,,,,,,,,,,,0,935224.94,0,595873.0,995647.56,974155.25,1078542.4,820815.7,564557.2,1104085.2,0,0,0,0,374411.97,396803.1,421012.34,450338.88,411563.56,
440,433.11364481412045,2.4048293,,,,,,,,,,,0,1591877.5,0,815668.7,1030059.75,1036727.2,455528.47,404943.78,604771.75,1117864.5,0,0,0,0,505451.38,508034.25,527758.0,461576.2,502554.75,
441,287.05525221915616,2.4061704,,,,,,,,,,,0,2563384.0,0,1346951.5,1712601.6,1729630.9,748452.25,617854.8,841074.94,1784736.9,0,0,0,0,717658.4,740755.5,803874.25,772751.1,759953.8,
442,741.2249990215211,2.4061704,,,,,,,,,,,0,3145964.0,0,1686293.0,2068241.1,2048434.9,880802.44,659045.2,1006436.7,2044442.5,0,0,0,0,895105.94,914635.56,1042480.44,909831.06,924295.1,
443,595.1665302524915,2.4054859,,,,,,,,,,,0,1523926.9,0,830756.44,965627.56,1016537.94,453298.44,363667.9,514462.66,1087512.1,0,0,0,0,477198.34,545542.0,482724.4,462591.3,473025.4,
444,207.0655324737139,2.4123836,,,,,,,,,,,0,1284567.2,0,338773.97,213603.42,955906.5,0,0,324125.44,0,0,0,0,0,342342.8,348011.3,380081.03,340567.06,365485.06,
445,139.98259895158924,2.4079046,,,,,,,,,,,4452518.0,4266124.0,3118430.8,4520058.5,3948421.2,4306298.5,4239044.5,4815852.5,4348615.0,3263429.0,4465196.5,4217669.5,4364507.0,4020680.8,4272099.5,0,5220079.0,2898327.2,3899874.5,
446,340.25982260016144,2.4282794,,,,,,,,,,,2515390.0,2525973.0,2306167.2,2541350.0,2449552.0,2347900.2,2502911.2,2424271.0,2156983.5,2131206.8,2256554.2,2194609.5,4923830.5,3736762.0,2716800.2,2692357.5,2664652.8,2399590.8,2090284.6,
447,193.14389692066447,2.4344714,,,,,,,,,,,998841.0,513571.7,323733.75,506521.03,535739.44,449254.7,802934.9,578843.2,345066.5,508900.1,620840.2,665769.75,1006918.9,856778.7,3351439.0,3454465.0,3281800.8,2671770.2,2238871.5,
448,215.1258310684783,2.434922,,,,,,,,,,,2919056.0,1525918.9,834882.1,1574003.6,1545363.2,1260683.8,2319025.0,1601446.6,948365.25,1290336.4,1733968.6,1675846.0,2964559.2,2652554.0,1.0703418E7,1.0424594E7,9873336.0,7795823.0,5943179.5,
449,448.27591929620195,2.4353745,,,,,,,,,,,573227.7,544675.44,554279.75,579994.7,560466.8,544391.2,595518.0,569506.56,540129.5,523375.06,554282.56,581148.44,3088930.8,1372161.8,671980.4,634001.3,631441.5,565809.0,527933.5,
450,137.98764867224185,2.4429295,,,,,,,,,,,1519682.2,1698305.2,1052012.6,1639915.0,1384849.8,1442054.2,1554217.9,1460019.0,1353014.8,1228393.0,1426378.2,1116101.8,2512183.0,1873694.1,1484351.9,1351646.2,2003313.2,1169102.6,1349440.9,
451,210.1703515942924,2.4344714,,,,,,,,,,,426422.53,230159.89,177664.05,248378.98,257444.36,230523.34,334917.38,252665.97,182800.94,237390.62,278948.56,280371.12,417897.4,377098.44,1525743.9,1628261.4,1440001.2,1236881.9,1071007.5,
452,238.2016534209853,2.4318516,,,,,,,,,,,226055.4,0,0,0,0,0,0,154423.03,0,210058.45,329444.56,391316.3,0,0,219560.8,204049.45,210282.52,462657.34,1049465.9,
453,190.9934097766273,2.4510174,,,,,,,,,,,2850244.5,2168514.0,1398037.0,2124474.5,1820596.5,1990059.4,1847725.5,2290459.0,1971275.2,1535213.8,2083699.5,1409514.9,1878814.6,1712219.5,1316755.9,1481105.4,2263659.0,1458976.9,1939901.0,
454,371.22773234504416,2.4420216,,,,,,,,,,,5148250.0,1.3065569E7,4271946.5,8368981.5,4184242.2,4069732.2,3770948.2,3922778.0,3880349.2,3870270.5,4060395.2,3905372.5,1.2986446E7,8854384.0,6872705.5,7413119.0,6944482.5,6110331.0,5693684.0,
455,388.25394772993616,2.4420216,,,,,,,,,,,2.2810904E7,5.648161E7,1.8153884E7,3.5881308E7,1.7506802E7,1.772985E7,1.664404E7,1.6928342E7,1.7072748E7,1.708673E7,1.7348672E7,1.7214736E7,5.6775692E7,3.9419824E7,3.0851292E7,3.1655876E7,3.0566986E7,2.7021558E7,2.5076764E7,
456,409.1838320369842,2.4456494,,,,,,,,,,,575394.2,1441654.5,495113.97,873925.2,1166000.6,478631.38,453274.97,443887.53,413050.06,499924.97,417470.9,437187.6,1509233.8,972749.25,818327.25,827735.06,810462.9,704654.2,611290.94,
457,307.0791073328821,2.4505193,,,,,,,,,,,0,1852769.2,116202.76,953505.75,1492231.9,1734844.4,750733.56,987745.06,899421.5,1222001.6,0,0,0,0,613600.5,847244.2,939358.9,615179.44,517834.97,
458,324.2285036594931,2.44969,,,,,,,,,,,479124.25,716708.5,721601.44,752927.44,741214.4,689324.2,755799.6,738858.75,699215.8,685406.2,742314.7,751810.94,1905916.2,1523127.8,843164.6,827632.75,823985.0,730303.6,686023.0,
459,268.1757553951158,2.4535725,,,,,,,,,,,0,1448035.5,1819157.6,745130.75,1390717.6,1007099.7,862654.1,1690794.5,1760499.8,1401766.8,0,0,0,0,1652676.4,1717378.8,1717483.9,1586375.1,1397837.9,
460,162.99852265832578,2.4559863,,,,,,,,,,,2417498.5,1935405.1,1270031.5,1770319.8,1623437.1,1733154.4,1622563.8,0,1685642.4,1397368.0,1833916.4,1239335.6,1738167.6,1617880.8,1230760.8,1280135.8,1869530.2,1356721.1,1643080.1,
461,427.12177949718676,2.467892,,,,,,,,,,,0,1697934.4,0,631308.1,760465.56,267318.44,440002.6,588326.3,503967.25,333426.88,0,0,0,0,400130.4,394065.5,454212.72,391149.66,390417.97,
462,422.1661714550072,2.4705386,,,,,,,,,,,0,3014849.2,0,1089433.2,1293701.9,470561.44,682150.5,832809.44,1026064.5,841254.06,0,0,0,0,790132.44,826286.8,826153.2,769299.44,740903.25,
463,306.2641834690658,2.4877841,,,,,,,,,,,0,1233514.4,0,679847.0,1144124.2,1235660.5,1281328.4,1007676.94,696541.2,1288261.9,0,0,0,0,470970.9,524067.12,511054.5,517091.78,470921.25,
464,402.2335724497422,2.4890568,,,,,,,,,,,499257.3,544600.6,500686.53,512106.56,533487.56,549988.4,503067.28,491497.2,517936.8,454490.25,691179.44,697776.25,2639835.0,1485739.6,653885.06,963913.06,837930.44,747626.9,584919.9,
465,193.1262341058859,2.4950368,,,,,,,,,,,0,2987241.0,0,1231784.9,1661400.0,1450178.0,915026.06,806222.6,964719.06,2282351.0,0,0,0,0,853801.1,903040.75,948223.5,1018982.7,1061387.6,
466,277.1469405493417,2.4980996,,,,,,,,,,,941773.5,944151.6,828090.7,901737.1,911662.9,908953.4,894608.44,870544.56,862965.8,854657.8,915515.94,883116.4,2747462.5,2004789.0,1074600.2,1069909.9,1136257.4,952419.8,863415.9,
467,295.1575175020888,2.4980996,,,,,,,,,,,4889167.5,4674719.5,4164612.8,4745086.0,4396631.5,4475478.0,4582115.5,4460754.0,4251855.5,4137813.0,4399763.0,4382204.0,1.3322058E7,9869846.0,5326131.0,5284963.5,5509805.0,4668092.5,4172632.0,
468,330.1944476250589,2.4985478,,,,,,,,,,,1002434.3,947151.1,893170.4,1011107.8,900430.9,871946.75,921737.44,978093.6,880984.94,829163.94,906661.25,886834.0,3180347.8,2132070.5,1093167.4,1116154.5,1011736.75,897408.9,840476.4,
469,282.1914021996527,2.4992383,,,,,,,,,,,148293.64,746169.4,1101545.4,444678.4,500597.5,642894.3,238356.11,991508.2,1273198.5,569023.6,0,0,0,0,1083078.9,1093290.8,1183419.2,1022665.3,1025429.0,
470,189.09460727054434,2.4980996,,,,,,,,,,,582386.6,564509.06,538974.06,569738.4,578241.6,533296.0,623781.4,571514.25,524379.06,524339.1,675171.44,601279.56,1646357.5,1236626.8,649274.75,664485.06,701838.06,697157.25,557870.8,
471,207.0655230037887,2.5083098,,,,,,,,,,,0,4723573.0,189028.17,3094175.5,3193086.2,3773647.2,2024692.6,1991702.1,2863727.8,4425709.5,0,0,0,0,1660217.0,1756646.5,1888188.5,1815048.4,1854732.8,
472,225.0761056434033,2.5082338,,,,,,,,,,,0,1506148.6,0,1046070.1,1016709.6,1198933.8,676899.94,661969.94,972838.3,1405777.4,0,0,0,0,564751.9,584648.75,599068.9,578762.8,570842.6,
473,404.15532011695063,2.5082338,,,,,,,,,,,0,5246879.5,0,3702974.0,3664740.8,4415792.0,2423782.8,2386374.8,3296362.8,5397947.0,0,0,0,0,1919489.8,2013202.2,2072017.6,1982193.8,2100912.2,
474,409.11098060770473,2.5082338,,,,,,,,,,,0,1905001.4,0,1182293.8,1126566.8,1340795.4,749679.3,617788.3,1034808.0,1464748.4,0,0,0,0,628998.25,751752.75,786928.6,631745.94,656374.0,
475,328.19670034850003,2.517143,,,,,,,,,,,219874.53,319587.97,269648.6,232012.8,247265.67,285548.56,211068.6,377108.12,330177.78,192742.6,191810.86,197467.23,2947114.2,400265.2,312165.34,326108.53,317080.66,278480.88,291938.88,
476,314.2175880282677,2.5162287,,,,,,,,,,,169815.75,1117890.4,2125455.0,872300.2,687706.44,765722.56,280987.7,1566667.8,2175047.8,597877.2,0,0,400610.34,234410.16,1167470.9,1174345.0,1102348.9,1038162.94,1007840.06,
477,164.02016879844913,2.521116,,,,,,,,,,,418163.28,4936115.5,170653.4,2657781.8,3323164.5,2102280.5,312247.0,350163.38,1405278.6,3036133.5,0,0,0,0,1553522.6,1645124.1,1652447.1,1580200.4,1226961.9,
478,350.2904298138205,2.5221624,,,,,,,,,,,0,645495.8,0,399148.88,825247.5,611240.75,804081.56,624168.4,419991.94,886009.06,0,0,0,0,267446.72,301692.66,337359.28,333516.2,312836.62,
479,409.18378530620316,2.4803963,,,,,,,,,,,0,970382.6,495113.97,658963.5,1320619.8,737328.6,550090.25,660617.4,490541.06,765747.9,465988.56,437187.6,1643555.0,1035102.6,917983.2,942829.7,931747.25,793159.7,704701.75,
480,207.1383095018163,2.5262303,,,,,,,,,,,0,1715416.4,154124.02,1167443.2,2018240.9,1475570.8,1052687.9,1085951.6,887715.7,1679566.6,0,0,0,0,717089.8,737172.25,692303.44,717244.25,723855.44,
481,611.1591924973804,2.568738,,,,,,,,,,,0,2005286.1,0,425638.03,379940.1,1359690.2,0,0,0,949586.06,0,0,0,0,0,300832.62,320266.44,347356.1,422105.75,
482,492.30206701794265,2.5745199,,,,,,,,,,,528713.7,521373.66,562869.2,547289.1,556955.1,523985.9,526938.44,507159.9,516592.0,549472.5,550634.8,574202.44,2764608.8,1223039.1,633073.4,643989.8,538396.94,544360.4,535569.7,
483,202.1804075271458,2.5809555,,,,,,,,,,,2827043.8,1382689.6,653769.8,1099639.0,1133489.6,1115933.2,2548272.5,1656344.8,733527.06,1018401.3,0,0,0,0,2874494.5,3068953.2,2633388.8,2577987.5,2337474.2,
484,190.9934258009795,2.5931544,,,,,,,,,,,2580853.5,1965241.4,1496636.0,2139380.8,0,2105586.2,2024117.6,1897750.2,2126399.5,1576992.5,2040419.0,2032681.8,2347460.2,2027925.5,1494439.1,1558040.1,2135169.5,1563861.5,1959112.0,
485,415.2541683811971,2.5896192,,,,,,,,,,,3584724.5,9385298.0,2810085.8,5966659.5,2666909.2,3052417.8,3001457.0,2596943.0,2805647.8,2841859.0,2886711.2,2839826.8,8696083.0,6142684.5,4501855.5,4752306.0,4588638.5,4641391.0,4281555.0,
486,432.28073343653006,2.5900505,,,,,,,,,,,2.430445E7,6.2941176E7,1.960753E7,3.944783E7,1.9284418E7,2.1313452E7,1.993145E7,1.795612E7,1.8838782E7,1.9711946E7,1.9862898E7,1.8986174E7,5.920007E7,4.1996748E7,3.1181044E7,3.26319E7,3.1775886E7,3.1061E7,2.891581E7,
487,453.21036504113,2.5900505,,,,,,,,,,,580419.2,1401928.6,419645.34,818143.4,427935.94,451741.94,438022.75,394133.62,397122.66,417145.2,436578.0,439116.4,1313382.9,908905.75,694843.9,688708.44,651177.94,634110.44,608554.4,
488,162.99852518900437,2.597763,,,,,,,,,,,2417498.5,1672147.2,1298326.4,1823798.8,1684983.5,1848725.4,1822299.5,1640442.5,1754683.5,1450059.9,1794101.4,1888758.8,2147187.5,1713108.4,1391900.0,1459523.5,1894387.6,1315734.9,1698504.9,
489,137.98766238628744,2.605778,,,,,,,,,,,1780674.2,1871691.9,990812.2,1963131.0,1369892.9,1440335.6,1445585.4,0,1386765.2,1190050.2,1353583.2,1187726.1,2535369.8,1660888.5,1678901.1,1555269.1,1883582.5,1272033.6,1249220.5,
490,139.98261163841102,2.601485,,,,,,,,,,,4937310.5,3986732.5,2934227.8,4105348.5,3836675.2,3251410.0,3794531.0,3443046.8,4402591.0,3179883.0,3939166.8,3840780.8,4931824.0,3731153.0,3177068.0,3291707.5,4327848.0,3378895.8,3519993.8,
491,350.2904481132442,2.616032,,,,,,,,,,,0,1025315.5,128386.15,526906.1,1132092.8,903821.7,1184168.8,894010.9,674172.25,1234368.6,0,0,0,0,446845.5,450895.28,473280.06,474325.12,453493.06,
492,446.2602940503346,2.6418297,,,,,,,,,,,508796.56,497920.53,565101.94,485105.22,495381.03,534987.3,499571.9,470045.4,482781.5,487196.16,578469.7,597294.0,2191211.5,1249476.1,566881.0,692150.06,640773.56,527081.0,527249.75,
493,321.17314029564125,2.6503901,,,,,,,,,,,2836764.5,3043304.5,2854561.2,2801919.8,2786245.5,2917547.0,2926548.5,2761953.2,2720256.8,2733436.8,2602211.5,2728180.5,7443657.5,6181287.5,3078711.2,3136117.2,2929289.2,2880502.8,2730957.8,
494,374.22059374992926,2.6503901,,,,,,,,,,,6509568.0,6650324.5,6382302.5,6542096.5,6291657.0,6463436.0,6480201.5,6368181.0,6091469.5,6124729.5,5849038.5,6080066.0,1.8212112E7,1.467468E7,7316358.0,7044224.5,7043654.5,6595599.0,6074844.5,
495,339.1837674930364,2.649932,,,,,,,,,,,576547.3,622098.8,635008.5,580026.4,689713.06,628506.06,562831.4,529571.6,566560.8,568194.8,479412.03,616659.5,1681443.0,1350571.6,663500.2,635010.6,615052.75,670598.5,495143.56,
496,379.1760159168652,2.6503901,,,,,,,,,,,522158.22,634885.7,535352.56,558650.3,584605.6,618103.5,655749.06,573097.7,552900.25,540492.06,465355.44,540845.6,1788550.6,1358850.4,625581.9,602065.8,615683.0,563573.6,510752.28,
497,241.15495469469224,2.657134,,,,,,,,,,,768220.6,854869.0,800976.25,871710.25,847784.94,907491.3,893757.6,818707.6,798577.75,831845.44,839567.06,854817.25,1571368.0,1246446.4,886763.6,916359.7,828682.3,851890.0,761262.06,
498,312.2019469800104,2.6710565,,,,,,,,,,,0,948576.6,1149279.0,764841.8,538509.5,691215.94,358278.56,1092503.5,1018348.8,630131.2,0,0,0,0,822515.4,794690.56,871793.06,699876.25,690023.3,
499,326.20770909942485,2.6785567,,,,,,,,,,,687888.3,695521.1,709580.5,678802.06,612544.4,711771.6,661987.9,637261.94,617260.25,584774.8,744528.2,671634.2,1667149.8,1411836.5,801008.7,776791.9,759442.4,698082.06,640024.2,
500,340.1606742223594,2.679359,,,,,,,,,,,0,1864309.4,0,517943.22,1534650.0,1362165.2,899660.8,534556.1,441770.75,1883216.0,0,0,0,0,603120.7,618294.7,662899.44,633055.1,660394.2,
501,160.0760304657022,2.6874378,,,,,,,,,,,2903062.5,9661621.0,2251662.8,4950095.0,4701487.0,3860412.8,2140396.5,1894461.5,2284570.8,4513016.0,0,0,0,0,4576126.0,4725470.0,4897292.5,4105135.5,3258603.0,
502,358.2438324360457,2.6922946,,,,,,,,,,,151161.25,716706.3,698679.2,437545.16,574403.9,521237.72,205193.75,794577.75,981889.25,294504.44,162705.7,193745.44,644691.2,363802.53,465472.3,561933.1,482938.84,471823.7,484752.06,
503,536.3284160534399,2.6978085,,,,,,,,,,,503684.03,516275.6,535971.8,531009.44,502518.5,493555.1,518095.1,485071.38,471516.03,507268.72,541210.94,518568.25,2453036.0,1233855.9,560026.6,563982.06,569072.5,524650.7,514650.6,
504,372.2229592998717,2.6986785,,,,,,,,,,,287736.2,337016.22,310932.5,316554.38,295764.22,295378.84,262637.22,345115.5,324199.03,282992.8,317663.56,288943.38,4274312.5,743803.75,438086.5,379225.25,371634.22,344850.66,370456.56,
505,139.9826412799541,2.7006218,,,,,,,,,,,4979055.5,3396840.0,0,4105348.5,3836675.2,3636939.2,0,4103786.2,3563587.5,2555213.0,3409367.5,3859029.5,3864442.2,3867689.5,3617574.5,2621853.0,3878985.0,3378895.8,4493670.0,
506,137.98769376985382,2.763994,,,,,,,,,,,1757295.8,1338767.1,965509.94,1603757.2,1472832.2,1273906.5,1583250.5,0,1487941.8,1125842.8,1139090.1,1350474.2,2232702.2,2017459.5,1654751.2,1357497.8,1765033.4,1095430.1,1613810.6,
507,459.2808688628758,2.719787,,,,,,,,,,,2374800.0,5170801.5,1723153.5,3385693.8,1869859.9,1844153.5,1665677.6,1701566.0,1852219.9,1771301.9,1644350.4,1926697.4,5390351.5,4111153.5,3092818.0,2856066.8,2984516.0,2832021.2,2657499.5,
508,476.3069864942561,2.719787,,,,,,,,,,,2.3483872E7,4.8715864E7,1.7853674E7,3.3611188E7,1.8128714E7,1.8455388E7,1.7821208E7,1.7554184E7,1.7660202E7,1.8269824E7,1.676455E7,1.8745396E7,5.38696E7,4.119246E7,2.9679724E7,2.9287444E7,3.0322212E7,2.7507458E7,2.6239854E7,
509,497.2365812582382,2.7197666,,,,,,,,,,,470047.47,828613.2,311194.12,615747.06,333309.2,362227.16,378555.44,345955.44,322200.6,327817.72,316094.06,386617.7,993703.9,763447.06,624369.4,536799.5,602690.44,526639.2,497458.44,
510,188.12857518336244,2.730464,,,,,,,,,,,320395.9,691452.9,564625.06,617811.4,560330.1,801745.94,560728.6,710327.6,650688.6,831708.6,350338.2,367171.25,587762.56,567336.8,672973.94,628132.4,689884.7,634756.75,585895.8,
511,326.2182150952992,2.7332568,,,,,,,,,,,0,580167.06,603830.94,379407.6,371343.1,466375.9,0,785184.1,831665.1,272030.16,0,0,0,0,467753.53,435772.0,452646.06,409045.62,403698.28,
512,197.07893420215174,2.779109,,,,,,,,,,,139165.23,150011.88,0,190312.03,174899.88,150971.33,192521.4,132394.2,0,0,0,0,1.0007839E7,186651.97,201468.16,176363.31,205753.38,134773.22,0,
513,433.11378161243545,2.760754,,,,,,,,,,,0,1506213.2,0,733620.0,1112944.6,898713.6,400612.28,374076.38,428493.22,824552.44,0,0,0,0,425233.1,486419.7,483548.12,425794.88,437500.78,
514,287.05533201672523,2.760754,,,,,,,,,,,0,3086884.8,0,1500542.9,2281554.5,1824680.6,675813.0,709972.6,886700.6,1782312.5,0,0,0,0,828331.4,876738.3,896155.56,849294.1,814260.2,
515,595.1665356536929,2.7600906,,,,,,,,,,,169577.73,6724667.5,0,3433040.0,4724591.5,4040392.5,1512256.4,1532116.4,1935710.9,3860009.8,0,0,0,0,1850339.1,2036691.6,2094603.6,1957365.4,1897924.5,
516,617.1487900264518,2.760754,,,,,,,,,,,0,3186040.2,0,1737845.8,2529106.5,1856226.9,1005742.3,826382.25,844712.8,1755324.1,0,0,0,0,910106.5,1108331.2,1096064.9,902120.5,759160.44,
517,162.99853899735305,2.7935116,,,,,,,,,,,2433650.8,1726618.1,0,2099596.2,1675022.9,1685588.9,1680050.2,1623435.9,2132609.0,1626274.5,1880746.0,1891298.1,1898044.1,1973691.1,1739773.1,1362061.8,0,1616953.5,2453794.0,
518,490.2865140369529,2.773732,,,,,,,,,,,483178.38,438510.66,526289.9,477788.56,481857.66,473863.16,484397.34,500911.62,483641.62,466339.53,506206.88,533224.2,1962000.1,1032725.4,471226.28,613548.6,555921.1,554654.56,500893.2,
519,190.99343876113733,2.7921252,,,,,,,,,,,2842250.8,1908053.1,1534929.2,2345449.2,1958375.1,1887882.9,1859097.1,1525283.9,2502616.8,1850417.8,2014947.0,2278488.8,2009732.9,2171424.2,1844257.0,1601864.9,2213683.5,1562143.0,2872431.5,
520,189.09475862003356,2.7853937,,,,,,,,,,,303049.4,1182101.6,287875.16,809206.0,959611.56,794923.5,690049.1,536749.5,623123.4,1191417.5,243779.9,254850.16,616898.6,570755.75,495444.9,605686.06,536857.7,560877.75,561028.3,
521,365.1993792522853,2.7876453,,,,,,,,,,,2640032.5,2404036.2,2391773.5,2676234.2,2465406.2,2443017.2,2484031.5,2368871.2,2510721.5,2264425.0,2479905.0,2568830.5,6833978.0,5340448.5,2554063.0,2583866.2,2644112.8,2639032.2,2188235.5,
522,418.2469520181167,2.7876453,,,,,,,,,,,1.4517618E7,1.3540577E7,1.3188919E7,1.4585729E7,1.362819E7,1.3663404E7,1.356754E7,1.3093543E7,1.3565638E7,1.2285842E7,1.3736661E7,1.4028272E7,3.8550764E7,3.042879E7,1.4544697E7,1.480196E7,1.4781135E7,1.4245125E7,1.2579576E7,
523,423.20259733331403,2.7876453,,,,,,,,,,,615067.06,588395.5,487668.2,563224.0,562263.6,588710.44,510139.0,518972.6,637932.94,499582.38,571456.8,616237.7,1844795.1,1275055.9,628528.7,604279.75,598906.7,606483.56,528987.1,
524,194.13937047765396,2.7980285,,,,,,,,,,,0,0,0,0,0,0,0,0,0,0,0,0,2078468.0,0,0,0,0,0,0,
525,177.11301489923346,2.81564,,,,,,,,,,,0,0,0,0,0,0,0,0,0,0,0,0,3062008.0,147401.33,0,0,0,0,0,
526,580.3545227769505,2.8075497,,,,,,,,,,,457137.25,488324.97,489129.28,511346.75,464358.44,466941.4,484521.28,481463.44,433599.16,460419.28,489234.78,441482.34,2226860.8,1296784.8,552285.4,560183.44,507664.06,499991.6,471212.78,
527,625.1773264758373,2.8122778,,,,,,,,,,,0,1727324.5,0,934860.5,1359256.5,1195919.8,287838.47,255684.6,491190.38,1053476.5,0,0,0,0,520245.22,502790.84,536711.56,485430.56,531868.9,
528,453.34412389291674,2.8174505,,,,,,,,,,,4594232.0,4726022.0,5197279.5,5118948.0,4742826.0,4548320.5,5125107.0,4957366.0,4570102.5,4633949.0,4798211.0,4544346.5,1.4099178E7,1.0441015E7,5050683.0,5367552.0,4622062.5,4834202.5,4774412.5,
529,139.98263362654131,2.8393047,,,,,,,,,,,4997306.0,3334140.2,2496267.0,3843827.5,3117523.5,0,3326375.2,3023808.8,4105636.2,3117357.2,3366822.2,3328746.5,3864442.2,3854228.8,3617574.5,2736557.5,4116423.8,2919456.2,4581267.5,
530,193.1264303763285,2.8329592,,,,,,,,,,,360706.75,2011275.6,400249.6,1004563.1,1344503.2,914634.06,915622.9,594879.5,833638.0,1630744.9,0,0,0,0,747678.5,731002.44,771423.6,867337.56,882163.75,
531,520.33321702534,2.8371332,,,,,,,,,,,1.7730956E7,4.003417E7,1.5151621E7,2.7169008E7,1.6127366E7,1.6729991E7,1.6079299E7,1.493946E7,1.5545547E7,1.4907E7,1.6244046E7,1.5434883E7,4.7742412E7,3.4648756E7,2.3545364E7,2.34109E7,2.3296648E7,2.2637944E7,2.131099E7,
532,503.3071550467319,2.8371332,,,,,,,,,,,1626956.0,3086577.0,1262390.5,2019538.0,1219117.0,1242861.4,1221651.5,1142806.5,1182087.0,1178206.9,1299174.2,1205493.2,3760901.2,2670456.5,1775705.5,1749789.0,1804643.8,1775151.6,1686414.6,
533,241.1050410664942,2.838433,,,,,,,,,,,712564.06,874712.06,621151.6,784543.3,738586.8,693531.44,826159.94,695266.75,703833.7,634631.7,679440.6,692400.25,2507217.5,1302733.1,830093.9,821434.75,839179.6,768838.25,655365.25,
534,416.2494788974305,2.8587513,,,,,,,,,,,364636.66,359985.6,388313.88,422409.47,352087.9,367553.88,343952.12,375060.22,411099.44,313770.3,379199.44,360423.5,4260849.0,741824.9,435283.56,406878.94,382791.22,405417.25,337319.6,
535,181.12275071907536,2.8774033,,,,,,,,,,,0,2299290.8,0,3073735.8,3020208.5,2322558.2,2032388.9,1303105.9,1606464.8,2128804.8,0,0,278370.9,120767.61,1224947.4,1256409.1,1291141.1,1106511.0,1035458.0,
536,172.13355936012377,2.8724957,,,,,,,,,,,1663375.1,2959490.2,2329488.0,2568042.2,2194169.2,2500261.8,2530745.5,2313916.2,2547779.0,2471391.0,724417.7,673110.94,1507159.4,1131778.1,2482839.5,2711019.8,2646800.8,2412545.8,2049321.9,
537,194.11587133587372,2.8729424,,,,,,,,,,,564950.6,1116279.6,660216.0,954473.5,807236.1,845827.7,910077.94,690893.2,819492.56,700471.5,201074.73,165566.55,413171.94,403597.4,879826.44,1003390.25,975520.06,759601.56,600632.9,
538,534.3128011447776,2.8909996,,,,,,,,,,,458730.84,478308.47,429894.53,501041.9,429063.34,462665.12,386553.56,389065.1,448601.66,400758.66,432504.78,431607.84,1748711.9,1034764.9,474929.94,500360.66,507737.53,426471.47,405668.75,
539,624.3811638857081,2.9084105,,,,,,,,,,,451624.2,476415.8,441886.78,494033.3,416875.75,428178.78,464065.03,459538.94,431467.7,409756.4,436962.7,459605.22,2174188.2,1225303.5,654510.8,576518.0,530326.56,437324.28,445002.4,
540,462.27326305401147,2.9088488,,,,,,,,,,,2.2052868E7,2.2201616E7,2.1714786E7,2.2815082E7,2.0793214E7,2.2304494E7,2.2647966E7,2.1775986E7,2.2154494E7,1.9907522E7,2.2160176E7,2.2100728E7,6.4171104E7,4.671759E7,2.5134964E7,2.3923104E7,2.3192918E7,2.2767842E7,2.116607E7,
541,409.2257026624138,2.9088488,,,,,,,,,,,1891505.1,1922019.8,2136562.8,1919843.4,1767108.9,1966492.8,1939144.4,1821582.1,1930751.0,1685691.9,1848722.1,1917644.9,5721687.5,4007977.5,2193186.5,2056183.4,2025722.4,1954200.0,1848952.9,
542,512.3813703047214,2.9141772,,,,,,,,,,,1729068.5,1692565.6,1639730.4,1694835.1,1643413.9,1574714.4,1640778.2,1526647.0,1667968.1,1623236.6,1527007.9,1636971.9,4739888.0,3494194.8,1743451.9,1859780.1,1831462.2,1603351.0,1674793.9,
543,191.1107828050244,2.9175744,,,,,,,,,,,0,1432909.6,0,310585.44,369535.62,464843.62,162693.5,184265.02,273877.16,599951.8,0,0,0,0,298004.22,332509.25,343479.6,360827.7,351246.2,
544,190.9934521197021,2.9256926,,,,,,,,,,,3055552.2,2071813.5,1652652.9,2420071.2,2001307.5,1997535.9,2441501.2,2596945.8,2346357.8,0,2254463.5,2026900.6,1856964.2,2805191.5,1908051.8,1800629.1,2567687.0,1731504.5,2595110.5,
545,162.99853344500522,2.9361453,,,,,,,,,,,2704530.0,1744519.4,1346019.5,2212784.5,1744935.0,1732044.0,2274729.0,2028802.1,2017063.6,2273212.8,2283091.0,1822554.2,1745757.5,2520315.5,1739112.0,1621951.9,2138488.5,1620441.0,2289183.0,
546,564.3594371126634,2.9429266,,,,,,,,,,,1.4030828E7,2.6983936E7,1.2803638E7,1.9294526E7,1.2237892E7,1.3022919E7,1.3371481E7,1.2419725E7,1.2317041E7,1.2151012E7,1.2989433E7,1.2856578E7,4.8045348E7,3.047357E7,1.892286E7,1.8635004E7,1.7536874E7,1.6424807E7,1.5134906E7,
547,547.3335548825005,2.9429266,,,,,,,,,,,850930.5,1708951.4,981604.2,1221180.5,746718.4,886378.6,802514.25,765088.9,874164.5,824376.4,798795.9,798262.94,3032094.2,1878499.1,1219442.8,1268932.6,1095797.1,1006792.94,925282.5,
548,252.15743259159396,2.9562995,,,,,,,,,,,643130.2,765910.7,523939.38,684769.06,708562.06,777450.44,701912.6,678922.44,600383.56,493911.84,420791.03,465195.7,1934368.6,1439608.5,800964.8,843290.25,787521.06,601481.1,493299.06,
549,212.1648490774747,2.9567432,,,,,,,,,,,3278645.0,3485884.2,3163353.2,2987663.2,3270075.5,3379700.8,3115899.2,3676842.8,3299160.2,3147770.0,2943299.5,3219990.2,8033989.5,5484898.5,3383322.8,3461579.8,3345731.0,3004413.8,3246090.8,
550,173.0861496842036,2.9593818,,,,,,,,,,,0,0,0,0,0,0,0,0,0,0,1350415.2,1223952.4,1054902.1,1252015.9,0,130995.88,128964.1,0,0,
551,130.06551516933348,2.9647691,,,,,,,,,,,145707.62,1.258351E7,137708.77,5406556.5,8473238.0,6584917.0,1321809.6,1419649.5,2846205.0,7207114.0,0,0,0,0,3747668.5,4441272.0,4168188.5,3550482.0,3050880.2,
552,328.0795214707114,2.966021,,,,,,,,,,,0,3544537.8,0,1427218.2,2338014.2,1824987.5,286082.62,356573.5,699290.44,1715268.0,0,0,0,0,960804.3,1176571.0,1050979.5,936220.8,742737.7,
553,351.1554731042246,2.96536,,,,,,,,,,,0,3566198.8,0,1046932.4,2897182.5,2568095.8,282315.03,813825.75,2098875.5,6149562.5,0,0,0,0,542871.44,654352.6,686071.94,1668916.9,2956984.0,
554,306.0975436173204,2.966019,,,,,,,,,,,0,6382413.0,0,2535451.2,4316951.5,3259725.0,515190.53,599964.94,1358416.8,3576637.5,0,0,0,0,1671149.2,1988362.8,1867757.9,1705384.4,1444472.6,
555,323.1241588870359,2.966019,,,,,,,,,,,0,6992850.0,0,2762971.5,4608768.0,3582916.5,584381.0,633255.9,1354553.4,3580996.8,0,0,0,0,1959194.2,2205737.2,2133852.8,1841618.0,1487562.6,
556,344.0535087574648,2.96668,,,,,,,,,,,0,4403401.0,0,1772415.6,2950908.2,2397806.0,375098.84,488124.94,893153.9,2121564.8,0,0,0,0,1227083.5,1436968.0,1285122.8,1200530.2,837464.8,
557,453.3442974626638,2.9815905,,,,,,,,,,,1949392.0,1938638.4,1789669.0,2019735.6,1858968.9,1887763.8,1921483.6,1801222.2,1770204.9,1828303.6,1695759.0,1752635.0,5200984.5,3891761.8,2044213.4,1990063.4,2000735.9,1819635.5,1673686.8,
558,287.05525627222727,2.9891944,,,,,,,,,,,201608.47,4214198.0,0,2158854.8,2717856.8,3049436.2,1092281.6,1006363.44,1442900.8,3867119.5,0,0,0,0,1193811.0,1230878.6,1493789.9,1245283.5,1291494.1,
559,433.113709464401,2.9891944,,,,,,,,,,,195165.98,3874808.2,0,1961712.8,2424898.8,2800036.0,999250.25,816656.06,1274050.5,3480072.5,0,0,0,0,1122292.2,1150615.9,1392727.9,1072831.4,1208497.6,
560,579.1712891382123,2.9891944,,,,,,,,,,,225279.88,5155661.0,0,2651478.5,3156797.5,3616180.0,1350758.4,1128944.1,1624312.6,4411122.5,0,0,0,0,1509576.9,1635054.5,1723362.9,1540862.5,1559056.1,
561,460.27589297760164,2.9976668,,,,,,,,,,,422380.4,493528.78,423595.03,475973.47,438718.03,436144.8,437916.44,412365.16,482815.78,424071.62,503950.38,472593.03,3847546.8,1026012.6,532401.56,475253.62,527913.94,526833.5,476552.12,
562,210.09263690617823,3.001144,,,,,,,,,,,0,2630965.5,0,1739304.6,1422153.2,1537194.1,803789.9,421837.3,736046.4,1590002.2,0,0,0,0,842888.7,867089.06,893269.94,747330.25,677369.3,
563,233.16847863552564,3.001144,,,,,,,,,,,0,1426973.4,0,715029.25,936771.06,1194516.4,364847.28,497134.16,1106422.0,3212066.2,0,0,0,0,428443.84,375108.5,380663.6,648941.94,1285834.1,
564,188.11066900038102,3.001048,,,,,,,,,,,341416.75,9.800568E7,374275.9,6.282049E7,5.943872E7,6.4204064E7,3.102795E7,2.2606724E7,4.1044856E7,8.311767E7,0,0,0,0,3.471019E7,3.651638E7,3.6860764E7,3.5592948E7,3.525566E7,
565,124.1124742795058,3.0017724,,,,,,,,,,,0,3714868.0,0,2378115.8,1984737.8,2282002.5,1042919.0,650849.5,1293250.6,2691541.2,0,0,0,0,1326649.8,1405550.8,1356876.2,1077321.1,984087.44,
566,453.25224145087515,3.014785,,,,,,,,,,,1733317.1,1616365.4,1667627.4,1875729.6,1629769.0,1636489.9,1723118.9,1705029.1,1570380.6,1757347.2,1614817.1,1612489.0,4346950.5,3183558.8,1946100.1,1886129.8,1848839.4,1653829.1,1657616.2,
567,506.299569964469,3.014785,,,,,,,,,,,2.9980406E7,2.888955E7,2.7145086E7,3.1145898E7,2.8778914E7,2.9230674E7,2.8850638E7,2.8583974E7,2.7021478E7,2.9360692E7,2.7591796E7,2.7289286E7,7.371728E7,5.3573056E7,3.2321778E7,3.2179598E7,3.172158E7,2.8367992E7,2.792162E7,
568,139.9826314357154,3.023016,,,,,,,,,,,4157626.0,3605125.2,0,3797819.5,0,3300036.2,3843639.2,3433012.8,3089582.0,3854043.8,3448039.5,3913441.8,3066816.2,4474561.5,2832903.5,2854540.2,4225941.0,3061931.2,4445122.0,
569,218.1213456849494,3.033452,,,,,,,,,,,0,6693134.0,0,1568460.1,2494521.5,2403624.2,735998.0,849640.4,937465.2,2904383.0,0,0,0,0,1567934.8,1671525.2,1606713.8,1647672.9,1647308.5,
570,608.3858257751377,3.0375261,,,,,,,,,,,1.0881988E7,2.0129338E7,9577720.0,1.5267642E7,1.1194206E7,1.1605395E7,1.0992483E7,9794843.0,1.0873587E7,9679675.0,1.0049536E7,9987312.0,3.6145716E7,2.593991E7,1.5202639E7,1.4513237E7,1.4616516E7,1.3678691E7,1.1486624E7,
571,591.3597659582086,3.037978,,,,,,,,,,,534350.2,1101861.9,535229.25,762191.7,623828.75,493387.22,572199.6,491187.28,529933.3,531976.44,578048.5,534560.3,1822654.5,1289317.4,808161.44,678624.44,726647.8,690417.5,574944.56,
572,162.99851639977118,3.0480266,,,,,,,,,,,2663750.0,2271268.2,1565462.1,2664941.2,1724321.6,1676130.0,2321248.0,2382557.5,2088205.4,2489623.5,2001838.1,2336493.8,1714803.4,2531279.8,1473148.9,1599135.4,2326761.8,1839945.6,2538276.0,
573,436.18212084949647,3.060294,,,,,,,,,,,326958.03,4907023.5,0,1389780.8,2096540.5,1056410.9,1993751.4,1064252.1,2520142.2,1565206.4,0,0,0,0,1168549.8,1307986.6,1397949.9,1236588.4,1181447.8,
574,441.13738592194863,3.0716207,,,,,,,,,,,707470.1,7073722.5,396265.84,1913803.0,3025836.5,1534678.1,4326311.0,1376796.2,3298484.0,1909929.9,0,0,0,0,1920164.2,1915811.1,2154213.2,6873792.0,1475527.5,
575,190.99341195763233,3.0717702,,,,,,,,,,,2981274.0,2366507.5,1625261.5,2557532.0,2024342.9,1954318.9,0,2246363.5,2340299.5,2536720.0,2637093.0,2799727.2,1926710.4,2897245.0,1898180.5,1799880.2,2586731.8,2002229.9,2801142.5,
576,162.13145521635448,3.0734663,,,,,,,,,,,408588.6,3040019.0,455861.94,1514340.0,1954433.0,1255738.2,1850119.5,847114.2,1141289.2,1876560.4,0,0,0,0,1014541.75,1102498.8,1204741.9,1095869.2,976190.9,
577,137.987693343154,3.0816185,,,,,,,,,,,1681888.4,2066715.6,1300509.4,2197991.8,1748196.8,1528207.0,1990830.4,1580813.9,1609810.8,1755425.2,1466982.1,1553966.2,2176580.5,2327475.8,1729275.2,1438782.6,2025362.2,1547146.5,1791128.6,
578,566.428195769314,3.076114,,,,,,,,,,,4361738.0,4474846.5,3986854.8,4763353.0,4168249.2,4515624.0,4218544.5,4101806.2,4638429.0,3971284.8,4034241.8,3964113.2,1.0414086E7,8714158.0,4783705.5,4799813.0,4276672.5,4008903.0,4128248.8,
579,204.10579028574514,3.0792327,,,,,,,,,,,0,1364499.8,0,968623.06,1166785.8,970542.75,387241.06,212336.08,714158.5,1654629.1,0,0,0,0,383823.1,408461.16,360386.7,434780.53,489794.44,
580,236.13181865428305,3.0785816,,,,,,,,,,,0,1330900.1,0,960725.75,1151210.2,882993.25,327250.3,205875.25,615199.2,1431302.9,0,0,0,0,401163.38,394011.97,399120.7,452271.1,454412.4,
581,217.10735467635584,3.0831544,,,,,,,,,,,4552883.5,4432039.0,3813974.8,4604353.0,4134560.5,4361876.5,4755343.0,3848248.8,3934824.5,3139314.8,4138607.0,4042667.0,9197451.0,6721648.0,4982637.5,4584851.5,4660018.5,4050263.8,3219856.8,
582,204.1961564913739,3.0832925,,,,,,,,,,,0,351265.03,0,0,0,0,292152.22,3132345.8,0,0,0,0,0,0,0,222581.61,0,0,197119.94,
583,234.13402996177405,3.0840359,,,,,,,,,,,1327885.8,1329185.4,1146047.9,1374726.2,1294158.4,1239118.8,1397456.2,1141465.4,1089312.5,959781.44,1194618.6,1212087.5,2825277.5,2056267.1,1485879.5,1400993.0,1484488.9,1274472.5,988256.94,
584,173.08115711935807,3.0805137,,,,,,,,,,,1812152.9,1810263.1,1494488.9,1842142.0,1610876.1,1687616.6,1974652.0,1524011.9,1477590.8,1151399.1,1644291.4,1569550.8,3696439.0,2586537.2,1884497.1,1844652.0,1825523.5,1576533.0,1306591.5,
585,240.1082837514679,3.0869932,,,,,,,,,,,0,0,0,0,0,0,0,0,0,0,0,0,2376345.0,0,0,0,0,0,0,
586,200.0175767418003,3.0907183,,,,,,,,,,,0,2436807.0,0,1470126.1,1602053.9,1245325.0,365123.3,418707.5,737750.4,1292878.9,0,0,0,0,882050.7,808273.2,879229.56,718803.06,521416.0,
587,178.03577782785598,3.091301,,,,,,,,,,,1.1335881E7,1.21846856E8,5757508.5,7.571863E7,8.783984E7,7.6096504E7,2.2175674E7,2.7496812E7,5.2912236E7,9.7182904E7,0,0,0,0,4.929226E7,5.2343856E7,5.151862E7,4.754766E7,4.372514E7,
588,223.09365760535925,3.091301,,,,,,,,,,,567032.8,3738744.2,411229.78,1740002.0,3236235.8,3129111.2,601192.0,1682365.9,3809493.5,8601838.0,0,0,0,0,970353.06,1116846.5,1022816.9,2247487.0,4388106.0,
589,239.08949032485802,3.0963256,,,,,,,,,,,2651679.0,5298746.0,1868638.8,3006469.0,2595294.0,2407890.2,2775397.8,2123554.2,2541051.8,1617942.5,1916192.9,1951945.5,4995201.0,4352104.0,2796254.0,2793286.0,2980787.5,2244996.2,1674329.5,
590,497.2783108550309,3.1104083,,,,,,,,,,,1469784.4,1414533.8,1493338.1,1793245.5,1469588.1,1567600.1,1565026.5,1404346.8,1415051.1,1252753.6,1434965.5,1386363.1,3958652.5,3062756.5,1658555.6,1776517.5,1771972.9,1448861.9,1333119.9,
591,550.3257999046398,3.1108468,,,,,,,,,,,2.8733006E7,2.883789E7,2.9040994E7,3.1778554E7,2.8954006E7,3.0392172E7,3.0689712E7,2.8615828E7,2.8698614E7,2.6942726E7,2.8245476E7,2.7293146E7,8.266797E7,6.1654124E7,3.2887936E7,3.4274068E7,3.3860624E7,2.850885E7,2.74384E7,
592,504.30215029661343,3.1174304,,,,,,,,,,,478496.78,485229.28,437002.22,442335.12,450010.2,453535.03,415136.53,465687.03,417897.38,447713.53,496187.66,496983.44,2559879.5,1555842.4,598752.9,512164.34,490198.9,445850.97,468229.16,
593,652.4124012298952,3.1236253,,,,,,,,,,,7856429.0,1.0662418E7,7106577.0,9172562.0,7611159.5,7547176.0,7353828.5,7388241.5,7050070.5,7048564.5,7493292.5,7090796.5,1.612669E7,1.3122712E7,7972824.0,8787503.0,8580280.0,8011768.5,7708272.5,
594,255.17062511887022,3.1262422,,,,,,,,,,,1039150.1,1022101.44,993310.3,1093107.2,1008894.06,1026979.06,999059.44,990460.6,989612.06,966079.94,1033886.3,1020329.6,2350256.5,1892711.8,1062148.9,1102817.9,1105686.1,959326.4,927304.0,
595,162.99852688173897,3.131218,,,,,,,,,,,2663750.0,2271268.2,1854476.0,2328876.0,1733052.9,1744287.6,2804380.8,1766898.5,2455692.8,2263705.8,2275944.8,2259681.5,1710544.4,2534696.8,1730158.5,1387737.2,2745032.8,1958473.6,2362088.8,
596,251.18567270726672,3.1276166,,,,,,,,,,,1191813.4,4116294.5,3682756.0,3004717.5,3542838.5,3328340.5,4492304.5,4633071.5,2700864.2,3781892.0,589018.8,585114.3,1357752.5,896442.44,9300387.0,9883203.0,9953075.0,8385350.5,8384275.0,
597,273.1675774572217,3.1302965,,,,,,,,,,,1038889.0,3624877.8,2967190.5,2797359.8,3183396.2,2711766.0,4052030.0,3830228.5,2274132.2,3168897.5,450988.0,468907.25,1225515.6,754387.6,8328403.0,8123594.0,8186470.5,7153745.5,7241931.5,
598,436.18206127037325,3.1319947,,,,,,,,,,,326958.03,1.5160565E7,201058.5,4274023.5,5658363.5,1930358.8,1796089.4,2298747.8,6119340.0,2906905.8,0,0,0,0,3579666.8,3765292.8,3983237.5,3353579.8,3321580.8,
599,441.1372609990134,3.132557,,,,,,,,,,,629776.06,3.341983E7,396265.84,1.0171745E7,1.3073525E7,4274769.5,4102868.5,4024492.8,1.2333583E7,6101038.0,0,0,0,0,8180017.0,7477391.0,8852789.0,6381591.0,5917592.0,
600,457.1114649970568,3.1344233,,,,,,,,,,,0,2160348.0,0,644550.6,824751.6,290657.88,267152.53,324696.72,767492.1,445866.4,0,0,0,0,526160.4,451827.6,618840.06,387022.56,397014.47,
601,147.04431286655083,3.1331048,,,,,,,,,,,0,2304054.0,0,581886.7,860896.06,328251.88,298863.78,368031.78,941708.9,440503.16,0,0,0,0,506411.75,504787.97,690806.7,492301.66,485558.62,
602,541.1826456898941,3.150807,,,,,,,,,,,0,1816039.6,0,1381834.4,1414326.6,1475455.6,785156.5,649106.4,1232651.1,1825421.8,0,0,0,0,562414.56,631553.94,640317.6,646048.06,668615.6,
603,358.09017179804056,3.152136,,,,,,,,,,,0,1966473.9,0,1086933.6,1223094.4,1425925.6,303507.6,250227.77,503723.4,1117789.2,0,0,0,0,629573.4,668139.6,631273.2,635438.6,475907.97,
604,381.1659975417408,3.152791,,,,,,,,,,,0,1099968.4,0,546272.6,855400.8,1235262.0,154242.58,356780.62,856662.0,2259949.0,0,0,0,0,260281.44,276334.4,344771.84,675081.56,1162813.9,
605,160.07604093975834,3.153472,,,,,,,,,,,0,3179553.5,0,1956082.8,2205300.0,2614545.2,571027.8,509513.47,1054275.5,2467906.2,0,0,0,0,1186055.9,1235988.2,1168330.5,1186497.8,1091354.9,
606,336.10786466601996,3.153472,,,,,,,,,,,0,5468933.5,0,3051134.0,3357677.8,4207186.0,806682.4,696154.4,1551134.1,3863969.2,0,0,0,0,1758827.0,1874553.4,1801941.5,1867628.8,1591316.1,
607,139.98263267448726,3.144096,,,,,,,,,,,3737099.0,3477531.8,3019729.8,4168168.0,2946057.0,2910361.0,4300795.5,2942237.0,3836633.8,0,3705481.5,3970117.8,3066816.2,3233019.8,3003551.0,2200469.2,4320999.5,3044526.8,3638123.8,
608,207.0655772194964,3.1617477,,,,,,,,,,,0,5086784.0,0,1744008.2,1558252.4,1716271.0,0,163756.8,1057331.4,1092330.2,0,0,0,0,1360066.4,1269187.4,1232679.2,1225608.0,1208521.5,
609,190.99346962749271,3.1727905,,,,,,,,,,,2981274.0,2441535.0,2231103.8,2935833.5,2061515.6,2313874.2,3160023.0,1958127.5,2791493.0,0,2637093.0,2820226.0,1926710.4,2343998.8,1974076.4,1539052.5,3120105.2,2111405.8,2786417.2,
610,358.1135706041487,3.1633828,,,,,,,,,,,0,2898385.0,0,1080733.1,875574.25,985054.94,0,0,590319.6,590001.1,0,0,0,0,802458.9,744808.5,730156.0,683135.1,671702.6,
611,182.1908403686344,3.188886,,,,,,,,,,,1343151.4,1445104.6,1251063.8,1405073.9,1315380.4,1413525.0,1437839.5,1411556.8,1413883.8,1583901.6,3453032.0,3910214.8,9300118.0,5159664.0,2357152.8,3998628.0,3711406.0,3224038.0,2223608.8,
612,541.3045487457401,3.1977634,,,,,,,,,,,1110217.0,1336812.8,1211511.6,1306964.1,1121766.1,1127733.5,1222511.2,1085695.0,1212703.0,1125755.6,992261.7,1068085.2,2567740.0,2263737.8,1392821.5,1259249.4,1371615.2,1212238.5,1161309.1,
613,594.3520093173244,3.1982112,,,,,,,,,,,2.5249224E7,2.6633782E7,2.5215188E7,2.7451248E7,2.4786346E7,2.4147366E7,2.7131574E7,2.285922E7,2.3540114E7,2.318421E7,2.2133478E7,2.3281574E7,5.6107948E7,4.966558E7,2.6303316E7,2.6381332E7,2.8574892E7,2.5729516E7,2.574608E7,
614,696.4387614175491,3.20487,,,,,,,,,,,2613596.2,3332177.2,2695133.5,2630734.0,2401504.0,2482798.2,2415245.5,2564035.8,2560089.8,2391245.5,2673727.2,2945258.5,5740573.5,3664878.0,2462892.5,2289400.8,2454684.8,2731597.2,2960189.0,
615,357.23603850535676,3.2053225,,,,,,,,,,,1753915.5,2056701.8,1765010.0,1778306.6,1449576.2,1610005.6,1594096.0,1726268.0,1772950.1,1601927.4,1591180.1,2104387.8,3451179.5,2417953.5,1586703.9,1401858.5,1548370.0,1703143.8,1942823.4,
616,232.08284533290404,3.223259,,,,,,,,,,,0,475189.97,0,845204.8,859965.7,742114.8,348122.56,320048.66,603408.56,828383.6,0,0,0,0,250092.48,220008.6,240328.16,278538.5,328489.47,
617,548.3284876497318,3.2247877,,,,,,,,,,,378007.47,379752.66,349511.22,437687.12,341767.3,374558.1,345634.53,344730.5,331092.9,289759.9,372889.06,305466.97,1215594.0,1239007.4,619331.75,471102.28,448118.62,395392.03,411136.2,
618,186.14932855921606,3.2347343,,,,,,,,,,,637509.2,936153.2,835752.2,920263.1,921355.75,840372.9,981142.6,983488.3,926060.4,868624.9,169981.95,171176.73,394933.75,274650.3,948468.2,945448.75,877680.6,892930.44,846330.56,
619,184.13373336251655,3.24125,,,,,,,,,,,273978.34,1257486.9,416935.22,1491896.0,1535511.2,1212517.5,1372742.4,1066193.8,1207775.4,1410258.6,0,0,184523.58,126697.19,769940.1,822464.1,768167.0,783197.94,698764.1,
620,517.2036678528996,3.2421935,,,,,,,,,,,0,1600677.2,0,596377.56,557018.2,674254.44,269766.9,0,395900.78,648539.25,0,0,0,0,429882.88,469223.22,526740.06,476506.44,524941.7,
621,469.12525775832506,3.2527313,,,,,,,,,,,0,1145555.6,0,1057963.6,955537.1,937427.06,0,409092.06,754192.75,596671.75,0,0,0,0,329216.7,359674.06,445500.66,424597.78,463209.56,
622,137.98771707953748,3.2423828,,,,,,,,,,,1668542.6,1637298.6,1449800.9,1691194.5,1511706.5,1468230.1,1902990.9,1311399.8,1840785.4,1305703.1,1276255.6,1406063.9,2292203.0,2081992.2,1673832.2,1309624.8,1996505.4,1341955.6,1751475.8,
623,201.0662278846389,3.2619054,,,,,,,,,,,0,6080283.0,0,3147238.8,3251437.8,3061884.8,1041899.75,1044878.3,1747550.0,3102682.8,0,0,0,0,1525492.1,1569502.8,1692778.8,1558062.4,1596438.0,
624,679.5129330063435,3.271899,,,,,,,,,,,2169415.2,2163263.2,2136135.2,2321484.2,2181714.8,2138904.8,2276298.8,2135875.5,2056984.2,2088427.4,2262781.8,2023027.2,6373648.5,4545312.0,2356947.5,2312842.8,2436096.8,2042603.0,2117396.2,
625,379.2490783324418,3.2781618,,,,,,,,,,,1354168.0,1363110.8,1251933.1,1105177.6,1061548.0,1061417.8,936257.44,1071652.9,1074498.5,1083494.6,1118108.6,1146886.0,2892080.0,1699742.4,1053721.9,1066836.1,1037906.25,1163676.2,1278406.4,
626,267.15721642434573,3.278569,,,,,,,,,,,1213593.5,1362462.1,1042924.75,1490315.6,1342107.1,1347288.5,1494810.0,1114568.1,1151033.4,1057175.9,824600.5,745805.0,3128417.2,2410977.2,1816159.9,1977048.0,2105718.5,1637996.8,1285904.8,
627,638.3786056301403,3.2785923,,,,,,,,,,,1.863494E7,1.5766851E7,1.9005856E7,1.6659183E7,1.6658759E7,1.7231112E7,1.594934E7,1.7622862E7,1.8152782E7,1.7241824E7,1.8926504E7,1.7595972E7,2.8571796E7,2.2978676E7,1.3223334E7,1.4912398E7,1.6138823E7,1.8026854E7,1.8516214E7,
628,740.4649013969084,3.279485,,,,,,,,,,,793121.9,830494.25,774812.25,786885.75,646923.7,620199.8,622368.6,713866.1,697000.8,755845.44,847258.5,713257.6,1882974.4,1137616.8,672340.56,797947.25,695618.4,781970.9,910856.94,
629,139.98267120548846,3.2708201,,,,,,,,,,,3092164.2,3477531.8,2984104.5,0,2777196.0,3033481.2,3596634.2,2742668.5,3863505.0,2529994.5,3214511.0,3196789.2,3007687.0,3161357.0,2790457.0,2497388.8,3570697.2,2556473.5,3638123.8,
630,197.11772836172764,3.2769506,,,,,,,,,,,0,2539512.0,0,3066963.0,2976979.8,2286302.2,1962785.8,1254149.0,1981141.0,2513157.5,0,0,261393.05,187926.47,1086382.9,1127318.4,1230632.9,1148505.4,1091995.1,
631,164.07114834027257,3.2873383,,,,,,,,,,,0,1550303.1,0,1085145.9,1357204.6,1030517.3,755560.5,1165779.6,905043.9,889257.6,0,0,0,0,567885.4,551722.25,663530.75,690255.56,676284.5,
632,133.1015873841819,3.2942429,,,,,,,,,,,0,676936.75,163846.69,888752.5,1212344.2,894532.0,997293.0,1056827.2,672841.56,1066792.5,0,0,149913.16,129095.6,431105.75,426928.16,479693.53,432200.84,484482.9,
633,203.1104617619098,3.2926035,,,,,,,,,,,0,1870978.1,0,1936415.2,1646029.4,827183.44,989962.2,546922.25,1060973.5,2871007.2,0,0,0,0,603303.0,623572.44,741522.1,740155.0,797858.44,
634,221.12125444806628,3.2926035,,,,,,,,,,,0,1302627.1,0,1315008.1,1171205.6,653537.56,716942.06,388562.7,842785.9,1861559.8,0,0,0,0,516989.28,503620.7,538717.0,513812.16,559587.7,
635,190.99344964031644,3.2966595,,,,,,,,,,,2421910.0,2441535.0,2235009.8,2084711.4,2292639.0,2252455.5,0,2235859.5,3022261.0,1939609.2,2503078.2,2394905.0,2307640.5,2356818.0,2071799.6,2181337.5,2755643.5,1916060.2,2799270.5,
636,245.1388118506611,3.3005078,,,,,,,,,,,515046.22,567016.4,449540.62,565590.5,496688.25,472547.9,483232.47,426361.47,483088.06,455248.56,457476.56,454763.16,1863553.4,882919.44,566740.4,481337.1,520483.97,468255.0,451821.75,
637,162.99858366152478,3.3076267,,,,,,,,,,,2005717.8,2080410.0,1952530.8,1797391.0,0,1935507.1,2431418.5,1810528.1,2607782.2,1686766.9,1828334.8,2099912.8,1957071.0,2149705.0,1819743.8,1930258.9,2807466.5,1586105.2,2499180.0,
638,163.13326657587234,3.342371,,,,,,,,,,,6120373.0,6434323.0,5474375.0,6525756.5,6025986.0,6170718.5,6640318.0,5863513.5,5724320.0,5247325.0,6204750.5,5995737.0,1.7922346E7,9642149.0,7512004.5,7437459.5,7024711.5,6295925.5,5419745.5,
639,180.15987082597283,3.3419187,,,,,,,,,,,1827746.5,1846786.0,1594785.1,1946731.1,1833610.9,1768659.0,1897578.1,1704347.4,1619542.4,1516201.8,1780586.1,1775430.4,5341118.0,2896541.8,2203440.2,2348649.5,2002586.8,1869319.1,1524940.1,
640,185.11528945747787,3.3423684,,,,,,,,,,,2768978.8,3012416.0,2204838.8,3149427.0,2820650.8,2740633.8,3213796.2,2566733.2,2505625.0,2132500.5,2376826.0,2310436.5,8050845.0,4816907.5,3593997.5,3515008.2,3436423.0,2785906.5,2171181.8,
641,401.2622180470205,3.3468146,,,,,,,,,,,548092.94,702437.8,519500.9,524959.2,518453.44,552262.56,533861.1,474291.56,495016.03,515097.2,490811.28,486862.75,2125132.0,1001162.94,587893.3,615222.25,466434.22,666535.7,586331.44,
642,682.4049795221717,3.3508108,,,,,,,,,,,8620441.0,7784636.5,8691004.0,7399215.0,7987807.0,7860473.0,7509136.0,8946313.0,9116976.0,8652919.0,1.0052733E7,1.0234571E7,1.3812373E7,1.2002722E7,6286070.0,6410928.0,7042680.5,8528974.0,9144728.0,
643,212.16489402316384,3.359281,,,,,,,,,,,1718168.5,1845193.2,1684525.8,1817448.9,1893093.2,1791390.0,1763035.1,1699380.1,1758220.8,1673429.2,1694373.0,1660489.0,4590938.0,3424763.5,1804659.9,1774384.6,1784823.2,1741918.0,1674720.0,
644,252.1574627126533,3.359281,,,,,,,,,,,653838.0,790035.44,568898.44,763761.2,832294.75,670263.75,736752.25,645382.5,626493.94,533386.3,491841.3,440201.66,1833986.0,1587444.8,763389.3,731439.3,763286.1,665056.0,540642.0,
645,146.0603096863392,3.3615189,,,,,,,,,,,394063.22,1836870.2,331766.5,1236860.8,1918791.8,1131648.8,1038521.2,893474.3,1199587.8,993119.5,0,0,0,0,876325.2,862872.06,979005.6,768792.4,774246.3,
646,452.3225466147404,3.3933127,,,,,,,,,,,0,802645.94,0,1118463.4,942309.1,689240.75,949021.56,932933.5,1005392.4,667997.0,0,0,0,0,424451.97,444812.25,482867.75,421077.6,450079.53,
647,251.12813754967942,3.3974457,,,,,,,,,,,703023.7,715150.1,634022.06,702053.7,639739.6,573220.0,676171.0,680058.1,632244.9,625099.6,581983.5,650835.7,1541318.0,1099242.0,752069.6,763166.8,715420.94,654758.4,665114.0,
648,268.10397343847995,3.4006538,,,,,,,,,,,0,615907.7,0,771003.4,871411.44,689585.9,478669.4,293367.72,524372.3,934522.0,0,0,0,0,254581.02,250668.31,270784.53,287786.5,299893.4,
649,423.27573030535194,3.410705,,,,,,,,,,,246742.0,403793.12,251505.88,278984.88,254587.36,291970.75,237701.67,255076.02,238539.25,225649.72,199497.38,201621.45,1626615.2,528792.1,327689.44,375822.22,337836.56,298786.3,298788.25,
650,388.16030829489824,3.3999991,,,,,,,,,,,0,890468.8,0,522808.25,707950.9,537352.5,480870.38,387023.0,455139.06,712138.75,0,0,0,0,315643.56,312257.97,304827.7,303762.34,303968.2,
651,396.8015322289977,3.409315,,,,,,,,,,,1405254.1,1089081.0,993924.6,880762.3,1342701.0,989803.0,1173857.2,1064239.2,1140900.0,1047748.9,1111809.0,1051976.8,2366767.2,1841385.2,1240840.5,1006830.4,1169813.5,1144448.6,1165988.6,
652,726.4314699062081,3.4183936,,,,,,,,,,,2190375.5,1993493.9,2358463.2,1955780.1,2017621.5,2050520.5,2011751.5,2360616.5,2233046.8,2265453.5,2573732.5,2495794.8,5076412.5,3713850.0,1939830.2,1847452.2,2004251.2,2459079.2,2465527.0,
653,137.98773785799366,3.4198568,,,,,,,,,,,1622548.0,1463079.8,1189036.6,1796399.4,1511706.5,1091717.4,1514489.2,1361291.2,1615453.6,1180042.1,1333701.6,1197986.5,2102624.2,1949322.9,1598748.4,1665110.6,1750514.1,1205335.1,1405829.5,
654,679.5129535369692,3.425624,,,,,,,,,,,747511.6,716864.8,714947.94,794624.3,748369.1,783152.9,790961.9,768665.5,700189.44,684462.56,879876.0,661318.1,1830439.4,1497611.9,866596.94,788605.06,796002.44,762969.06,745011.94,
655,162.99857691054976,3.445318,,,,,,,,,,,3210734.5,2208432.8,2205486.2,2741020.8,1985741.2,1504037.5,2507316.0,2025972.8,2677458.5,0,2416867.8,2212186.5,1894885.5,0,1809235.4,2517864.8,2807466.5,1998696.9,2456372.2,
656,139.98271003535655,3.4562724,,,,,,,,,,,3953946.0,2932013.5,2893579.5,3456081.2,3040662.2,2000579.6,3519338.2,2746804.8,3767875.8,2337480.8,3301138.0,2994822.8,2278448.0,3148941.2,2595066.5,3556658.5,3565625.5,2520631.0,3525580.5,
657,338.1237075928367,3.4451404,,,,,,,,,,,0,1001292.94,0,459046.1,588574.75,681409.9,321698.75,341584.38,266779.1,526910.9,0,0,0,0,318775.88,340090.88,415243.22,323982.0,345256.62,
658,190.99348187204822,3.459298,,,,,,,,,,,3723967.5,2467507.8,2571223.5,2859930.5,2558494.0,1757019.6,2766306.0,2226594.8,3272369.5,1828786.9,2764423.2,2520620.2,1822521.4,2637009.5,2069418.2,3007516.8,3020972.0,2257218.5,2803087.5,
659,517.2036029912734,3.4457984,,,,,,,,,,,0,3425461.8,0,1525344.8,1909882.2,2028509.8,1070600.2,1106093.5,884364.1,1690279.6,0,0,0,0,1036378.94,1098220.4,1088557.4,1003278.75,1034766.8,
660,445.28904207392657,3.4686863,,,,,,,,,,,0,228816.3,0,253560.17,0,184046.84,0,0,0,0,0,0,1292601.0,387409.2,269567.53,225562.34,211139.84,0,185533.44,
661,424.2912521684425,3.4543335,,,,,,,,,,,0,583581.7,0,557963.5,229341.81,614517.0,193057.08,0,175576.5,627584.75,0,0,0,0,211960.12,186350.08,270207.34,234338.6,240528.45,
662,160.07603797765458,3.485543,,,,,,,,,,,520380.75,5057678.0,574007.3,3932613.8,2669596.8,4522814.0,2310045.2,4000523.2,2559330.5,4110537.2,0,0,0,0,2328883.5,2687462.5,2490529.0,2071849.9,2150546.0,
663,177.0788971840861,3.485543,,,,,,,,,,,637520.3,4570147.5,729320.56,4008503.5,2768878.8,4154542.2,2504438.2,3872468.2,2782453.8,3920060.5,0,0,0,0,2686649.8,2868334.0,2862132.8,2302265.2,2220450.0,
664,192.0663367878407,3.4864175,,,,,,,,,,,0,947357.75,0,1221224.9,1098671.9,769307.9,1810171.5,1335357.5,1143164.6,756790.5,0,0,0,0,431348.25,531934.3,501087.06,482566.62,608743.3,
665,174.05545747228285,3.4890406,,,,,,,,,,,0,235130.31,0,644545.3,533006.5,415530.8,1095264.6,816559.3,682870.7,456940.97,0,0,0,0,252457.27,273137.7,227688.28,274632.16,336561.16,
666,467.30283040861855,3.5179763,,,,,,,,,,,0,0,0,0,0,0,0,0,0,0,0,0,1135555.4,337577.56,213308.97,204272.0,0,0,0,
667,197.117720672955,3.517478,,,,,,,,,,,0,1084831.4,0,786396.3,861640.2,824046.9,514832.66,538819.5,676406.3,1006159.6,0,0,278758.1,169302.23,448386.28,433562.03,491506.97,478553.28,463767.75,
668,172.1335958833199,3.5114634,,,,,,,,,,,843135.0,904821.2,785118.94,902312.6,884496.75,870613.8,849029.6,830784.5,839300.75,817064.0,724041.8,805541.8,2542403.5,1909826.5,972879.94,881662.75,940345.3,913906.8,856819.56,
669,335.16060489448876,3.5408444,,,,,,,,,,,0,1200154.1,0,743565.9,1107839.9,881000.75,562058.5,1012097.7,771532.0,708978.9,0,0,0,0,407788.88,445661.03,482998.9,450638.16,461599.84,
670,269.1365013845005,3.5451667,,,,,,,,,,,445109.16,647410.94,428513.75,621509.06,568769.25,493294.75,621218.9,489925.12,418490.06,401863.03,340667.7,370727.94,1666075.1,1181630.0,609667.4,513204.16,694885.75,495202.94,449575.8,
671,229.14384120655473,3.548631,,,,,,,,,,,542984.5,695404.06,558068.44,640168.2,656790.6,606304.75,632853.9,593787.06,538704.56,525025.9,523702.16,520331.4,1670328.9,1169635.1,681179.5,649758.0,720354.0,568365.94,570126.44,
672,250.1477341676397,3.575294,,,,,,,,,,,0,3583710.2,0,4223978.5,4166656.0,3190153.2,1046542.8,897646.94,2166234.2,5509152.0,0,0,0,0,1120362.2,1200966.0,1236640.8,1337045.2,1369922.9,
673,218.12140432761205,3.575294,,,,,,,,,,,0,3055963.2,0,3579635.0,3743261.8,2803848.0,960440.94,834121.9,1989478.2,4989657.0,0,0,0,0,1050906.0,1059939.8,1072182.2,1326553.0,1507375.8,
674,190.99346252721318,3.572203,,,,,,,,,,,3758206.8,2538942.8,2270469.2,2859930.5,0,2615949.2,2704593.8,1716007.5,3389863.0,2608259.8,2931924.8,2486706.5,2382430.5,2675025.0,2055252.8,2567188.8,2760623.5,2297468.0,2651892.8,
675,313.162415835299,3.5834322,,,,,,,,,,,2566011.0,3044304.8,2513103.5,3185607.5,2936099.5,2792188.2,3075085.0,2243928.0,2289113.8,2412149.0,2191779.5,1914698.9,1.5600608E7,5622818.5,3351152.2,3128407.8,3359180.2,3133220.2,2378802.2,
676,291.1804796278264,3.5838735,,,,,,,,,,,2082900.6,2225820.8,2146199.8,2297931.0,2230994.5,2263182.8,2321123.0,1904544.1,1947003.1,1992851.9,1887122.5,1803376.8,1.0649151E7,4276494.0,2364778.0,2308091.0,2440035.8,2278987.5,2012001.1,
677,336.23835829496704,3.5834322,,,,,,,,,,,671264.94,428313.16,1257999.2,412969.06,535746.94,557618.0,488139.38,796910.3,847093.8,1291984.8,1565244.2,1655613.6,1220481.8,526618.7,280920.34,302685.53,325193.9,749476.0,1436407.8,
678,308.20705491070805,3.5843182,,,,,,,,,,,626914.75,796158.0,670470.56,748521.6,708103.1,702847.25,779917.2,590189.3,661736.44,642409.94,576868.44,561916.44,3916064.8,1623392.0,809236.3,832512.94,833322.56,686928.4,604406.56,
679,329.13640678740677,3.5820935,,,,,,,,,,,390211.72,443802.78,437432.72,533052.5,424285.78,431625.22,441498.5,356338.9,308980.72,360403.0,340832.4,355025.5,2299168.5,978720.5,500394.72,451791.34,471022.5,474159.25,349051.62,
680,139.98266537486134,3.5764236,,,,,,,,,,,4168241.5,3052019.8,2893579.5,2783085.0,2317433.8,2930696.2,2937365.2,1941981.0,3880910.2,2728382.0,3208193.5,2783721.5,2606447.0,3193452.5,2453801.5,2809637.8,3147991.5,2575525.5,2855432.2,
681,162.99853984286483,3.5875287,,,,,,,,,,,3056126.0,2301947.2,2205486.2,2478609.0,1877751.9,2344264.5,2253631.2,1487280.9,2976265.0,2153382.8,2517840.8,2211864.8,2032355.9,2539210.2,1773587.4,2091852.6,0,1944385.2,2301059.5,
682,207.15929659935122,3.5934618,,,,,,,,,,,722130.56,455129.38,421866.0,452608.78,397236.22,421855.5,663877.2,479887.5,411374.75,404135.5,693738.56,653231.5,2833901.5,808960.2,1393857.4,1261177.6,1282475.9,1082666.5,1029177.6,
683,158.96168993099528,3.5968888,,,,,,,,,,,4868711.5,5621694.5,3847482.2,5098368.5,4150572.0,4742515.5,4749638.5,3867522.5,5309567.5,4105565.2,4237518.0,4092437.8,4257024.0,4397272.0,4094090.2,4422292.5,4804563.0,3988509.2,4116246.8,
684,140.0109488093074,3.60083,,,,,,,,,,,828089.56,746016.94,750186.44,845207.0,751918.4,871601.0,868680.56,747046.5,768493.3,632278.44,793759.2,767573.56,1697508.5,1411401.2,1009468.7,921867.5,980065.1,769876.7,738165.94,
685,137.98773094704313,3.593226,,,,,,,,,,,1927402.8,2714379.2,1333545.0,2641033.8,1729134.6,2345682.0,2162908.5,1609705.9,2819278.2,1841814.9,1347824.8,1154792.8,2306796.2,2046713.5,1814022.6,1894732.9,2825549.0,1386597.5,1681386.4,
686,228.1597002625391,3.6012604,,,,,,,,,,,927593.94,854836.56,1023249.06,962380.25,937741.8,871219.25,900032.7,966139.56,933823.44,893362.25,999308.7,933046.9,2641505.2,1901602.1,1068899.6,936691.2,993777.56,987445.7,980886.25,
687,155.0470917164928,3.6016817,,,,,,,,,,,2150111.2,1993366.5,2058203.9,2091237.0,1817207.9,2057107.4,2007686.0,2043808.0,1886801.2,1905714.6,2377870.0,2171037.0,3444342.2,3173913.2,2274862.8,2077464.2,2355466.5,1976867.2,1834569.6,
688,183.07846573369662,3.6021025,,,,,,,,,,,1.697375E7,1.6309706E7,1.5925788E7,1.6872474E7,1.5687511E7,1.6267054E7,1.6821996E7,1.6318253E7,1.5960709E7,1.4834749E7,1.8286186E7,1.71521E7,2.6405836E7,2.5421424E7,1.7789218E7,1.7426482E7,1.7973544E7,1.6376085E7,1.5544416E7,
689,224.1081920974651,3.604933,,,,,,,,,,,0,2.3231254E7,0,1.7713838E7,1.2718566E7,1.4806222E7,7158297.0,5044666.0,1.0257237E7,1.3632024E7,0,0,0,0,7349148.0,7139714.5,8129392.5,6688757.0,5720483.5,
690,202.12609584061153,3.6049836,,,,,,,,,,,1338090.6,3.869389E8,1514213.4,3.097658E8,2.573134E8,2.7867933E8,1.443159E8,1.2853495E8,2.2664338E8,3.2506864E8,0,0,0,0,1.5182096E8,1.4334069E8,1.5504306E8,1.6029354E8,1.609739E8,
691,138.12796532611097,3.6055562,,,,,,,,,,,0,2.3333912E7,0,1.7985214E7,1.4591081E7,1.5817664E7,7818682.5,7234429.5,1.293737E7,1.8994626E7,0,0,0,0,8472033.0,7803470.5,8349464.0,8964949.0,8993836.0,
692,247.18407880673263,3.6055562,,,,,,,,,,,0,5637570.0,0,4076998.2,4422669.5,5191374.5,2045354.8,3325415.5,6515951.0,1.1647239E7,0,0,0,0,1695263.0,1722459.9,1693457.0,3294036.8,6383758.5,
693,240.08198861096736,3.6055562,,,,,,,,,,,0,3490686.5,0,2692934.2,2008718.2,2338394.8,1212255.5,1015639.3,1634604.5,2148338.2,0,0,0,0,1183423.2,1177666.1,1271840.9,1143912.4,983123.4,
694,147.0444382134018,3.644673,,,,,,,,,,,0,0,0,165203.02,0,0,0,0,0,0,0,0,4338159.5,158237.64,0,124122.61,191884.19,0,0,
695,172.13361594799318,3.652282,,,,,,,,,,,548837.8,657309.7,568460.0,578942.2,593991.0,572535.25,592218.75,565187.06,571315.94,506365.22,522114.94,497110.88,1269265.1,1102775.2,588640.2,621611.56,601974.44,616926.94,533606.44,
696,176.1471731660653,3.662657,,,,,,,,,,,1446050.6,1.1156394E7,1935532.9,1.1357768E7,1.0035728E7,7440740.0,1.0131208E7,8184903.0,9159195.0,9626026.0,0,0,0,0,5278725.5,5967032.0,6426587.5,5400578.5,4902485.0,
697,309.22748411225297,3.664151,,,,,,,,,,,472993.16,1435136.8,1824535.4,1208865.9,1145397.1,1092783.0,989819.06,2248588.5,1184898.0,1132487.8,248971.66,238104.28,971851.8,506099.38,2293189.0,2566138.5,2558877.5,2318378.0,2245484.0,
698,331.20942499712555,3.6668472,,,,,,,,,,,245948.3,839500.06,997144.8,673897.94,664835.25,597020.9,524822.5,1185846.1,667027.1,663911.75,142357.67,148062.66,589256.2,291193.38,1278028.0,1474685.0,1470663.4,1285175.6,1183760.2,
699,372.24143448989173,3.6704347,,,,,,,,,,,434332.0,444091.22,492702.12,531299.4,422515.53,453343.56,452088.16,512738.66,470884.94,428219.3,408283.72,403165.53,1251339.6,890598.25,474558.72,541782.94,466880.78,440613.06,443108.12,
700,288.1089222251136,3.6823504,,,,,,,,,,,0,1074737.0,0,612274.8,1874227.4,669275.06,0,0,379156.28,898619.7,0,0,0,0,418735.34,424785.66,482565.53,421052.88,442028.12,
701,290.26924297438785,3.683185,,,,,,,,,,,476028.53,873551.06,593147.3,967807.56,1115870.8,1017215.94,845194.6,865418.06,1008439.25,1037828.1,0,0,0,0,760091.5,726794.2,769378.44,695780.06,673471.9,
702,171.14957085337173,3.667674,,,,,,,,,,,3761492.5,3839519.0,3449033.2,4223294.0,3692020.2,3509058.2,3798501.0,3557909.2,3433934.0,3349590.0,3516949.0,3518754.5,5119283.0,4882737.0,4018958.8,4217642.0,4188121.2,3802627.5,3499519.2,
703,128.05328713870455,3.6897287,,,,,,,,,,,0,2289802.2,0,1536882.4,1779025.0,1362020.2,522596.9,608525.1,1026403.94,2054932.4,0,0,0,0,906914.1,801528.1,825111.4,782327.94,691387.1,
704,192.05146889132848,3.6894438,,,,,,,,,,,1625156.9,4.2397716E7,1113714.2,2.8501282E7,3.3785708E7,2.5745602E7,1.0127439E7,1.2192572E7,2.0353158E7,4.1926812E7,0,0,0,0,1.6902E7,1.5622136E7,1.6487518E7,1.6331359E7,1.5709499E7,
705,237.10940814866723,3.689076,,,,,,,,,,,0,946981.44,0,535130.75,886283.1,709627.6,226707.83,522959.94,888775.7,2515133.0,0,0,0,0,255272.61,280271.38,317188.1,525322.4,980691.3,
706,162.99851740062152,3.6948166,,,,,,,,,,,3371327.8,0,1772125.5,3458194.5,1992191.2,0,2671863.0,2360649.5,3152460.2,2232621.0,2108585.8,2547382.2,1967412.0,0,0,1648277.9,2592153.5,1677977.9,2648679.5,
707,516.3385573323685,3.692476,,,,,,,,,,,711755.6,774773.4,677011.6,751263.75,696230.5,817025.56,810058.6,673768.9,674156.44,729215.94,718150.5,774705.3,1675316.6,1421095.5,933874.7,751105.1,777156.94,735826.2,682907.06,
708,139.98266263123708,3.7081342,,,,,,,,,,,4168241.5,2726491.5,2119652.0,4136858.8,2489686.0,2941118.0,3099457.2,2783163.2,2653435.5,2769893.5,0,3027927.2,2449252.0,3050471.5,1871206.4,2057316.6,3079885.5,2341271.5,3161249.0,
709,190.99345612173636,3.7287252,,,,,,,,,,,3984554.0,2667799.8,2131078.5,3626182.5,2358103.8,2914322.5,3101862.8,3034599.5,2751480.8,2653174.2,2484047.8,3350552.5,2123242.0,2593469.0,2155466.5,1970787.2,3965839.8,1872039.6,2979363.2,
710,200.2011992646463,3.7262259,,,,,,,,,,,0,1072523.8,0,233185.1,202719.56,0,867906.8,7003348.0,171853.84,392711.7,0,0,0,0,592856.44,554099.44,615167.7,650908.25,645941.1,
711,218.21181121014678,3.728288,,,,,,,,,,,2668533.2,9.962133E7,1836009.1,1.820209E7,1.5713591E7,7293937.0,8.629062E7,5.7782726E8,1.3584346E7,3.5658572E7,472044.06,450158.22,569195.3,808720.6,5.3592176E7,5.205627E7,5.568656E7,5.9376224E7,6.08367E7,
712,137.98773909611765,3.7394,,,,,,,,,,,1461127.6,1989502.2,1349322.5,2094835.0,1541775.0,1482022.1,1977486.1,2347493.2,1343320.8,1389626.2,1164513.2,1365588.0,2309192.2,1985838.1,1601073.1,1506284.0,2418374.2,1300122.1,1687542.6,
713,174.18563862829149,3.733866,,,,,,,,,,,3121774.2,2.1935992E7,8361944.0,9570074.0,2.5220682E7,1.3131316E7,8673331.0,2.6716646E7,1.5229742E7,1.6102596E7,0,0,0,157068.31,3.255703E7,3.096537E7,3.3585852E7,3.0982364E7,2.6968888E7,
714,275.05528140765114,3.742695,,,,,,,,,,,0,1652455.6,0,817863.94,1819443.2,322382.12,195382.33,0,243482.72,1328397.4,0,0,0,0,438683.16,443531.94,525251.75,492006.8,506290.25,
715,291.24336965019506,3.7532375,,,,,,,,,,,745559.2,1008452.8,948590.7,1220629.0,1143048.6,994504.94,1179239.9,1123122.2,1027255.9,955603.0,0,0,259301.72,0,932224.0,965436.7,1031419.25,855578.8,831453.9,
716,232.19117966421712,3.7623594,,,,,,,,,,,0,1113603.9,513581.22,748044.7,1094954.0,976753.75,488006.62,777079.4,776807.5,996498.9,0,0,0,0,1451904.4,1513938.4,1524788.4,1404075.5,1340423.5,
717,416.26805063125977,3.7693112,,,,,,,,,,,1332546.8,1341985.8,1255091.9,1442371.0,1266988.6,1321733.0,1393646.0,1304081.6,1245225.6,1256534.1,1359696.0,1313522.0,3493468.5,2660981.0,1446953.8,1466580.5,1447377.8,1374218.8,1253612.4,
718,162.99857046408164,3.7672005,,,,,,,,,,,2589198.5,2311499.8,1772125.5,2994313.5,1915905.8,2599081.8,2613268.8,2097836.2,2521098.0,0,2055460.8,2619292.5,2064301.1,2201231.0,1989616.9,1841745.2,3394496.5,1698943.4,2639205.0,
719,288.25363819850895,3.7759016,,,,,,,,,,,715751.44,880529.4,1355828.6,923837.5,1028319.4,888504.94,1101887.9,1032779.75,889880.9,791819.06,0,0,0,0,1039167.2,1046285.56,967597.5,926166.6,850289.0,
720,560.364765554863,3.7766125,,,,,,,,,,,978233.0,887738.8,903206.9,967686.1,985078.44,894830.0,967764.1,824887.0,849668.9,785859.75,868528.0,848456.94,1434346.9,1456381.8,899394.56,905858.6,902395.6,891190.6,809719.75,
721,211.09696231871592,3.7855124,,,,,,,,,,,727263.06,852858.7,618155.7,876246.75,772978.06,737020.44,934186.3,727279.6,564994.56,632027.06,522578.6,502613.56,1898128.1,1413478.2,1003035.8,1119651.8,1044211.8,721735.0,582371.1,
722,149.0601609660673,3.7864208,,,,,,,,,,,2072793.0,2404887.8,1751675.6,2575495.0,2292812.0,2030777.6,2613609.8,2033354.4,1650978.9,1795324.6,1443952.6,1432901.0,5820559.5,4029408.2,2998680.0,3230609.2,3092430.2,2063142.2,1668729.8,
723,384.2593422283033,3.7955153,,,,,,,,,,,1066481.2,1028040.9,955402.8,1092046.4,952330.94,1013666.06,1116914.4,970450.9,989482.5,983277.2,995429.9,976874.9,2554913.8,2113874.0,1157264.6,1119197.5,1079878.8,1031960.1,952019.3,
724,251.16227114311755,3.7968614,,,,,,,,,,,2134335.2,2547914.8,1667569.6,2770433.8,2095945.8,2393849.2,2394278.0,2091818.6,1986178.1,1896723.9,1637833.6,1590243.1,7565196.0,5200166.5,2811633.5,2772130.0,2812782.0,2181917.5,1786211.6,
725,193.1592128774529,3.7973182,,,,,,,,,,,758761.4,752115.9,614590.1,831097.4,676280.3,746243.25,746518.0,682160.3,658394.2,672651.7,638371.56,592304.4,2585171.0,1546093.5,836304.44,916218.44,867460.06,705393.9,645085.4,
726,211.16963502432804,3.7973182,,,,,,,,,,,2030973.9,2187439.8,1728718.5,2320905.0,1916899.8,2082253.6,2080707.2,1898472.4,1931436.0,1842416.4,1767227.0,1678545.8,7213194.5,4228727.5,2305095.2,2374231.2,2272262.8,1951236.4,1790561.5,
727,233.07887274684626,3.7846057,,,,,,,,,,,5176051.5,5916078.5,4432750.0,6344873.0,6176576.5,5404099.5,7105952.5,5587753.5,4084648.2,4166033.8,3400761.2,3210631.2,1.0495802E7,9400087.0,7325840.0,7967153.5,8019496.0,5415900.0,3884115.5,
728,190.9934962071577,3.7937298,,,,,,,,,,,3027506.8,0,0,3160179.0,2142464.2,3087124.8,2920143.8,2634491.0,3013021.5,2653174.2,2484047.8,3155990.2,2267908.0,2434025.5,2334701.0,2485888.8,3649909.8,1978257.8,3004648.5,
729,139.98272408376945,3.8062344,,,,,,,,,,,2903069.2,0,0,3595168.8,2489686.0,2948198.2,2679219.2,2474906.8,2895373.8,0,1859406.9,3079955.0,2412833.2,2502110.2,2343364.0,2632971.5,3606882.2,2008878.5,2806346.2,
730,186.14931745951972,3.8244364,,,,,,,,,,,499218.1,664678.1,895924.5,550298.44,516356.22,628719.25,498131.2,545348.44,551292.56,641378.5,968213.1,972643.94,1424200.1,1161118.0,668210.56,657164.25,670109.1,642199.6,609951.2,
731,161.04749168750942,3.829617,,,,,,,,,,,0,879133.9,0,1608454.9,1178479.8,973618.4,1801095.1,1652350.1,1075016.9,688159.75,0,0,0,0,558895.9,532838.5,553761.3,605611.5,552219.06,
732,176.0710280067784,3.8298156,,,,,,,,,,,1181759.4,1.5938355E7,999495.25,2.7438392E7,2.0210562E7,1.832227E7,3.1236228E7,2.8336838E7,1.958432E7,1.3643736E7,0,0,0,0,1.0812001E7,1.0322979E7,1.0269621E7,1.1239312E7,1.0464099E7,
733,188.20132378615438,3.838378,,,,,,,,,,,381082.22,665838.0,222239.33,291133.44,450341.56,278636.1,465115.56,911150.5,359847.6,463829.06,0,0,0,0,865553.1,873789.75,846716.5,782398.25,730900.0,
734,262.23809091435936,3.8470042,,,,,,,,,,,558300.4,1151565.1,344658.66,898905.56,361584.38,754625.3,613420.56,2868918.0,345388.6,799009.6,0,0,0,0,798107.75,910032.44,723819.75,838709.56,778209.75,
735,604.3913336914699,3.849384,,,,,,,,,,,791024.3,707732.25,869377.1,736631.75,807532.25,751653.44,775837.56,824734.4,892337.6,823659.75,848934.44,866520.2,1076644.1,1068618.4,697529.7,672167.94,668634.6,758694.25,813715.7,
736,460.2943726717865,3.8561459,,,,,,,,,,,2898646.0,2599446.8,2753414.0,3013050.0,2867656.2,2944857.0,3009747.2,2786468.2,2962135.5,2644275.5,2739141.2,2761683.0,7689725.5,6612966.0,3287899.0,3279587.5,3136492.5,2879596.5,2743081.2,
737,246.20689691289414,3.85309,,,,,,,,,,,163434.53,1262770.0,613567.5,558848.75,1508695.5,1068497.6,501001.7,571187.0,680801.56,1149243.2,146268.06,0,665745.94,422585.84,770685.5,775365.25,717605.44,846161.0,659429.3,
738,198.18581818508704,3.8712726,,,,,,,,,,,0,694771.6,0,187252.55,301214.5,242636.94,418729.56,4855290.0,206781.52,326378.12,0,0,170419.08,0,1254060.4,1166528.4,1081950.5,1032181.0,976850.1,
739,216.19622545764466,3.8731663,,,,,,,,,,,0,1529610.1,233267.72,650714.25,841577.9,759639.06,728633.2,8356161.5,472627.62,830878.75,0,0,0,0,2198545.2,2181715.8,2070619.5,1935556.6,1733094.4,
740,332.27975247741904,3.8724985,,,,,,,,,,,534827.44,605027.2,1498353.6,677208.56,1082130.4,724486.9,874520.06,917652.6,808980.8,613673.7,0,0,0,0,998472.75,1030092.6,882493.56,818998.2,790965.25,
741,234.20665442032592,3.8839335,,,,,,,,,,,3259496.5,1.5678757E8,3.366659E7,1.1445498E8,1.300991E8,1.2549067E8,1.990815E7,6.96651E7,6.3126496E7,1.2248594E8,0,0,160760.98,176181.67,8.670478E7,9.29753E7,1.0082595E8,9.074027E7,9.1827784E7,
742,162.99856734079694,3.8709395,,,,,,,,,,,2013082.1,2639033.5,2116073.5,3019749.8,2080083.9,2800011.5,2453186.8,1690875.4,2685038.2,1899190.9,1665810.9,0,2064301.1,2224073.0,2197006.5,2593640.5,3618635.2,1785911.2,2742388.5,
743,190.99347135814386,3.8846989,,,,,,,,,,,2367839.2,2996537.0,2549598.5,3489600.2,2288706.8,3002690.5,2810328.0,2131064.8,2993226.0,2275887.0,0,0,2357731.5,2623864.2,2487948.0,2677217.2,4152275.2,2237155.5,3143203.5,
744,186.1856542491164,3.8724,,,,,,,,,,,305910.47,4791524.5,1140744.1,3515960.2,3962775.0,3809419.2,820492.94,2055101.1,2018112.5,3886260.0,189258.67,199008.12,363102.53,358147.94,2818515.5,2926647.5,3070212.8,2814152.8,2880813.0,
745,137.9877709342471,3.8803432,,,,,,,,,,,1202785.0,2178862.2,1436774.2,2407130.8,1859849.1,1901011.9,1674249.9,1530664.4,1707545.8,1433386.0,1035033.75,0,2309192.2,2135987.0,1725329.9,2233768.5,2782080.0,1354889.6,1932166.4,
746,518.3543274645386,3.8853643,,,,,,,,,,,531245.2,679435.0,564823.0,709692.44,686070.25,693944.6,584869.6,571576.3,732082.8,635767.3,597662.25,642972.8,1066311.9,1013082.6,687876.0,702673.56,708799.75,638853.44,568884.25,
747,374.06403736138714,3.8912594,,,,,,,,,,,0,4131512.2,0,1357276.6,1528978.8,1241496.0,322475.8,322075.8,463833.1,1507622.9,0,0,0,0,1080993.5,1109617.5,1187991.1,826393.56,660273.06,
748,336.10800943672683,3.8918967,,,,,,,,,,,0,2.4220004E7,0,7161064.0,8528338.0,7977611.0,1898340.4,2052160.5,3137279.8,9819234.0,0,0,0,0,5365639.5,6441834.5,6567705.5,5245693.0,4912029.0,
749,353.1347686969282,3.8918877,,,,,,,,,,,0,3733891.8,0,1094502.0,1271724.9,1337215.9,270862.5,325432.78,484233.4,1405748.6,0,0,0,0,846859.4,958370.1,979941.44,843007.4,730285.9,
750,282.1196295990648,3.8918877,,,,,,,,,,,0,1715644.5,0,3161719.5,3083488.2,2351235.0,1268863.9,1179065.4,2133888.8,3146762.5,0,0,0,0,713517.2,792777.6,838116.44,950832.44,913950.5,
751,358.08997107303844,3.8918982,,,,,,,,,,,0,2360966.0,0,730904.1,858410.6,709554.7,217143.95,187637.33,248858.27,819272.94,0,0,0,0,503561.44,592940.0,690640.9,484286.12,401383.62,
752,160.07603357179462,3.8925416,,,,,,,,,,,0,5721220.0,0,1970772.1,2073871.0,2019013.2,567727.25,633231.56,854969.9,2527255.2,0,0,0,0,1427989.2,1693100.4,1750017.4,1289542.9,1197518.0,
753,428.28623587036725,3.8928914,,,,,,,,,,,1195434.0,1431817.4,1241191.8,1409158.6,1427132.1,1236664.4,1242138.0,1254158.0,1236675.2,1330361.0,1135434.0,1186303.4,3006797.8,2419860.0,1444209.5,1416921.6,1462863.4,1182726.0,1273198.5,
754,232.08294289742804,3.893817,,,,,,,,,,,0,898399.4,0,1681424.1,1598396.2,1235680.0,752523.6,750812.56,1213882.6,1648717.9,0,0,0,0,408812.12,440308.84,512609.9,485083.75,505264.16,
755,283.19064148876873,3.9357197,,,,,,,,,,,218570.5,171261.73,128974.98,165367.6,167159.39,229453.03,173032.33,134224.1,138327.4,207502.12,200122.31,0,1510985.0,408969.62,191975.03,0,234208.72,211769.78,0,
756,381.16595037177984,3.8938348,,,,,,,,,,,0,3997068.5,0,933838.3,1673887.4,1673273.0,315482.72,684965.3,1100219.0,4242301.5,0,0,0,0,586450.3,728305.8,775954.9,1362029.0,2318223.0,
757,162.99855624855797,3.90036,,,,,,,,,,,2462604.8,2569259.0,2116073.5,3019749.8,2080083.9,2714087.5,2314099.5,1682500.0,2685038.2,1947804.5,1708805.1,2500782.5,1970005.5,2224073.0,2197006.5,2290273.2,3084120.2,0,2425613.2,
758,241.20405783100034,3.914434,,,,,,,,,,,3000414.8,2761602.2,2758125.2,2776793.5,2856998.8,3090742.8,2529989.8,2787785.2,2869751.0,3144622.2,3042104.0,2866370.5,1.1337758E7,4497368.5,2899304.0,2781860.8,2718900.8,2840402.8,3038903.0,
759,342.2642748525349,3.9171572,,,,,,,,,,,408625.2,383761.44,414004.53,383416.28,382820.47,424987.84,363897.84,364945.53,418958.22,448843.7,422248.22,420196.16,1436569.6,585411.7,399466.56,380932.4,375974.56,395049.28,446639.25,
760,288.10901223887447,3.9292796,,,,,,,,,,,0,1078156.2,0,677135.5,1654699.4,635392.9,0,0,320542.56,835116.3,0,0,0,0,414183.62,395258.9,447188.6,379374.97,396589.34,
761,217.95709780890266,3.9298654,,,,,,,,,,,1355969.5,1592639.4,1352814.1,1434950.9,1307663.2,1387643.1,1321753.9,1224165.5,1248202.0,1162112.0,1265838.8,1370436.1,1743509.1,2042276.6,1415155.1,1248427.8,1555934.6,1318396.6,1346170.8,
762,258.98374154522253,3.9298666,,,,,,,,,,,3919433.8,4718522.0,3931346.5,4327409.5,4097008.2,4091001.5,3788327.0,3683061.0,3600507.8,3374178.8,3517107.8,3921460.5,5320116.0,6361009.5,4200887.0,3849655.5,4630242.5,3885694.5,3823121.8,
763,504.3204925137116,3.9321835,,,,,,,,,,,4797485.0,4733623.5,4302759.0,4986235.5,4473601.0,4659486.0,4790147.5,4571101.0,4457707.5,4260414.0,4212830.0,4409562.5,7878251.5,7675909.0,4619199.5,4635073.0,5064134.5,4587544.0,4332320.5,
764,285.20647385639086,3.9339213,,,,,,,,,,,267244.25,269280.28,254012.0,300948.03,246012.69,255248.73,271103.28,246233.48,243593.7,243494.97,253565.34,266624.22,2252731.0,804985.94,290344.22,293080.25,298403.8,260422.1,270614.1,
765,232.19125623538926,3.951972,,,,,,,,,,,0,531805.06,0,311880.53,505789.78,395897.38,185864.1,353984.88,278771.62,430953.66,0,0,0,0,2723933.0,2668476.8,2789731.2,2432819.2,2094149.0,
766,190.99348892387798,3.9524324,,,,,,,,,,,2888068.5,2925526.2,0,0,0,2706056.0,2794385.8,2131064.8,2950467.2,2323639.0,0,2921319.2,1798630.8,2655072.8,2012334.0,2677217.2,0,2237155.5,3078352.8,
767,149.06019719638564,3.9707143,,,,,,,,,,,1327569.0,1615905.0,1299831.8,1681543.9,1460247.4,1426100.9,1591317.5,1540138.1,1242257.1,1242465.2,1054622.8,1031912.75,4396886.5,3275354.5,2147213.8,2289270.2,2226579.8,1458033.2,1222539.9,
768,139.98274816539788,3.9738555,,,,,,,,,,,2503463.8,2892845.8,0,0,1988174.9,2502999.5,2556592.5,1765765.5,2490117.5,1920141.6,0,2558133.5,1743031.0,2472761.2,1942505.5,2736998.0,0,1936023.0,2851671.5,
769,472.31259672532417,3.9762373,,,,,,,,,,,1101481.5,1084399.0,969833.1,1062352.0,1085143.2,1040887.25,1087149.8,1035348.5,1080428.8,1037966.56,1013285.6,976493.06,2652218.5,2158530.8,1083470.4,1115003.6,1155948.8,1015804.94,998567.1,
770,535.1818427060269,3.9899588,,,,,,,,,,,0,1387771.0,0,751198.44,594961.2,540444.3,230217.9,307831.25,532336.75,369049.06,0,0,0,0,372881.25,401071.4,447345.53,390295.9,416065.75,
771,136.02197156043255,3.9936202,,,,,,,,,,,493952.97,546319.44,484312.25,514853.8,522755.72,494870.2,534688.06,443852.75,452287.1,416496.9,752161.44,804624.7,2632662.2,1276003.4,623856.5,624794.4,610448.9,456963.34,434689.84,
772,321.25413930515316,3.9761171,,,,,,,,,,,303980.0,355582.94,278532.56,305748.12,309780.88,318793.7,298509.72,274368.16,293740.03,248941.45,228944.03,238664.16,2431716.8,795802.25,345548.38,378475.0,383337.22,290904.53,240177.36,
773,548.346898225724,4.0007725,,,,,,,,,,,5786323.0,4846270.5,5938022.5,4598778.5,5031849.5,5421859.0,5087333.5,5514991.0,5263715.5,5308295.0,5919401.5,5509014.5,7071176.5,6848627.0,4008360.5,4376139.0,4705277.0,5334482.5,5810773.5,
774,283.19081943592874,4.0269876,,,,,,,,,,,220032.45,249094.16,251042.0,252520.11,259550.27,254223.6,268310.8,233934.67,224113.7,213309.75,214670.47,222384.64,2292788.0,707410.75,278091.4,296744.56,285416.84,222656.42,221119.38,
775,136.02197127635785,3.9971843,,,,,,,,,,,518370.84,586744.1,507543.3,560510.6,517383.44,558699.0,544243.5,492175.38,431233.6,448254.94,811842.8,815320.4,2263886.8,1214914.2,667568.25,661642.7,680867.7,499439.12,464447.03,
776,190.99346745036297,4.066436,,,,,,,,,,,3056734.5,3041349.0,3909332.8,3164330.8,2165663.5,2450627.5,3080259.2,2709512.8,2838688.0,2919560.5,3665813.5,2765279.8,1798630.8,2774711.0,2149307.8,3180770.5,0,2126662.8,2624464.0,
777,592.3731058839234,4.0639977,,,,,,,,,,,4565265.5,3996738.8,4737151.0,3863671.8,3844218.5,4214541.5,3882446.2,4448741.5,4593095.5,4586590.0,4964021.5,4916962.0,6960272.0,5964785.0,3580136.8,3498886.0,3842666.0,4465684.0,4682474.0,
778,178.15954064036066,4.07422,,,,,,,,,,,159790.86,222565.75,147574.03,236421.17,197627.7,184268.39,234650.52,160629.94,163357.61,173244.12,143710.75,0,1367345.9,434717.9,224744.53,241219.98,247123.23,162422.2,144706.67,
779,310.22293387611217,4.1080832,,,,,,,,,,,147594.38,335978.62,303587.62,268860.0,268983.62,275860.8,371175.47,411349.44,212709.75,324488.4,0,0,207323.12,169143.89,1042753.1,1063554.2,1067141.4,998957.44,963521.25,
780,293.1962815115195,4.1085653,,,,,,,,,,,191063.1,486956.62,404249.5,362807.8,361420.03,362691.62,490450.3,505749.53,278294.12,446135.34,0,0,291736.75,225044.22,1544757.5,1426591.4,1448852.4,1379004.5,1341115.0,
781,139.98274730349115,4.097046,,,,,,,,,,,2595685.5,2422144.8,2746722.0,2631981.5,1702119.9,1834793.8,2389311.2,2329590.2,2490117.5,2489884.8,3153991.8,2286524.2,1743031.0,2519417.0,1942505.5,2622014.2,2980683.5,1764426.1,2505640.5,
782,315.17844118895465,4.1094217,,,,,,,,,,,404024.2,661714.6,513252.62,558235.4,469566.6,487725.12,655466.1,631140.9,417340.7,506766.28,292278.47,248401.25,751369.5,631441.06,1412428.4,1287783.5,1273550.0,1210336.0,1123398.6,
783,137.98777700983396,4.1123776,,,,,,,,,,,2012003.0,1808450.8,1803278.5,2059123.4,1135877.0,1413223.6,1826094.6,1530378.1,1675429.8,1276024.4,1808679.4,1269353.1,2162444.8,2250462.2,1621318.4,2135109.2,2055860.4,1309848.1,1358327.1,
784,342.2642412321613,4.1133575,,,,,,,,,,,4.238157E7,4.0019164E7,4.219652E7,3.7648616E7,3.71561E7,3.998911E7,3.942407E7,4.2532696E7,4.3651656E7,4.2145744E7,4.2328412E7,4.1348436E7,5.0424256E7,4.9458764E7,3.2975188E7,3.1775288E7,3.4049484E7,4.0433772E7,4.288255E7,
785,158.9617289159914,4.121019,,,,,,,,,,,4514638.5,4614039.5,4649277.0,4644943.0,3644370.0,3783371.0,4453589.0,3952045.0,4077029.2,3798147.0,4351756.0,3787764.0,3789872.5,4257013.0,3942578.0,4552564.0,4590244.0,3556660.5,4144924.8,
786,636.3997259612064,4.1191945,,,,,,,,,,,2329595.8,2161233.0,2385334.5,2196093.2,2062958.2,2171263.8,2046825.2,2333760.8,2231614.8,2175370.0,2554952.2,2533244.0,4389645.5,3754278.2,2172828.0,2020207.6,2119153.2,2333887.8,2177767.5,
787,162.9985677854622,4.118839,,,,,,,,,,,2527470.0,2322934.0,2688515.2,2802467.8,1967413.2,1847551.9,2397092.0,2349991.5,2400038.8,2533607.2,3083388.5,2123343.8,1623177.1,2686730.5,1762063.0,2694507.5,2960740.2,1840943.5,2736206.0,
788,190.99348216098107,4.1309953,,,,,,,,,,,2941312.2,2824563.8,3321595.5,3107179.8,2244519.2,2217816.2,2869290.8,2706325.8,2950467.2,2919560.5,3614944.0,2573640.0,1798867.5,3011268.8,2042122.2,2998560.2,3367243.2,2399253.0,3237438.5,
789,242.17543507790413,4.128493,,,,,,,,,,,805558.44,945251.25,887918.56,909110.9,841436.6,850347.1,855091.4,999233.8,923000.3,825123.9,696021.1,804139.5,2741607.5,1590936.2,1007173.94,921530.06,832783.3,946125.6,802056.56,
790,200.16493209247733,4.1434407,,,,,,,,,,,1178317.2,1346365.5,1265765.2,1353907.5,1290377.2,1229092.6,1360887.2,1366786.4,1373387.2,1210751.5,975638.06,1009074.25,3172545.8,2093056.4,1461965.6,1534100.9,1427725.1,1387304.1,1189145.5,
791,680.4259860210836,4.1712413,,,,,,,,,,,715867.8,715848.3,818444.56,771538.0,770747.2,754363.4,852170.5,840424.9,746711.0,752425.75,825946.1,821724.9,2368662.5,1505680.6,901928.2,792258.06,766169.4,787560.75,777349.0,
792,216.14222631347292,4.175316,,,,,,,,,,,0,1683588.9,0,1402664.4,1212595.8,1238590.1,903834.0,729320.94,1161261.4,1535594.5,0,0,0,0,615896.56,641630.1,634077.8,653369.5,667570.0,
793,162.9985741073877,4.1658444,,,,,,,,,,,2706203.5,2581973.2,3033976.2,2673093.0,1967413.2,1847551.9,2297884.5,2345401.5,2362590.5,1869414.1,2897896.0,2123343.8,1969952.4,2414923.2,1762063.0,2522069.2,2960740.2,2151942.5,2736206.0,
794,237.14885283478634,4.178032,,,,,,,,,,,166062.6,831279.06,150152.61,913807.06,1075049.1,837586.2,682475.2,528688.94,741647.25,923737.56,140800.08,131174.12,393572.72,241316.17,405519.75,431295.03,395789.7,422800.0,418669.03,
795,139.9827467991924,4.1640882,,,,,,,,,,,2820557.8,2585956.5,2720498.5,2631981.5,1875858.8,1834793.8,2460639.8,2329590.2,2306544.0,1829834.4,3001294.5,1976631.9,1940972.0,2519417.0,1734757.1,2473214.8,2980683.5,2070844.2,2305831.2,
796,283.19077471888977,4.2252703,,,,,,,,,,,397535.3,403477.8,330109.25,408254.8,407871.03,433768.5,408415.8,365094.25,331672.72,350160.75,340314.44,329817.66,3905583.8,1095971.8,439287.9,454254.56,442521.03,361919.72,343048.62,
797,685.3046612494877,4.2291956,,,,,,,,,,,0,1792502.2,0,828724.44,894963.75,931262.44,339656.34,325083.38,547099.8,1156276.1,0,0,0,0,472399.78,488482.25,607643.25,563408.0,583026.7,
798,339.217054445257,4.229014,,,,,,,,,,,248902.56,5498719.0,0,2407125.5,2713030.8,2891693.0,908434.9,843280.1,1663814.2,3492059.0,0,0,0,0,1387296.0,1558593.4,1627542.0,1578386.5,1513491.1,
799,680.3500994432262,4.229014,,,,,,,,,,,215501.4,3905712.0,0,1985077.0,2209762.0,2083490.0,774876.2,820886.1,1330771.4,2762591.8,0,0,0,0,1142781.8,1225903.4,1230574.0,1137158.6,1198053.2,
800,321.20644367370255,4.229846,,,,,,,,,,,0,3294866.5,0,1436662.4,1674031.2,1784694.9,542726.5,544289.44,999280.9,2116258.2,0,0,0,0,865350.8,951140.2,988606.25,997920.2,915018.9,
801,364.1968659537994,4.235666,,,,,,,,,,,2280129.2,2352996.8,2265570.2,2491666.2,2435503.8,2369214.2,2434162.2,2204557.2,2138009.5,2129926.8,2342290.8,2182874.0,8663779.0,5618576.5,2519403.8,2430351.0,2572320.8,2213901.2,2208518.0,
802,347.17046514112843,4.235666,,,,,,,,,,,712938.75,672399.8,643581.6,726832.94,681351.1,679125.56,687787.1,643897.9,616563.94,687369.56,677275.1,657624.44,2524811.0,1574788.6,708899.3,712229.6,740005.7,629679.7,643171.7,
803,369.1524436111293,4.236122,,,,,,,,,,,1079488.5,1424101.9,950947.94,1209893.0,1150254.8,1073845.4,1190407.6,957741.06,978379.2,970371.3,1028670.6,953788.8,5209212.5,2743041.2,1136814.6,1095967.6,1277673.5,1030005.3,981244.1,
804,201.11255901420563,4.235666,,,,,,,,,,,632603.0,756294.1,616524.56,660623.4,671946.5,650233.9,661965.44,612105.8,592534.94,621232.44,632585.3,603437.44,2386648.0,1382118.1,669081.5,670368.6,678271.44,627180.9,615825.56,
805,190.99350717033892,4.2392855,,,,,,,,,,,0,0,3690309.8,3063443.8,2218249.5,2059856.4,2697724.8,2317999.0,3182820.8,2835427.8,3581708.0,2573640.0,2279232.8,2692220.5,2495521.2,2169072.0,4251735.0,2657099.5,3237438.5,
806,206.0672160112089,4.2544994,,,,,,,,,,,342578.0,1.5654929E7,269101.78,8379471.5,9918016.0,9554808.0,4291455.5,3614524.8,6268451.0,1.5786889E7,0,0,0,0,5066161.5,5300141.0,4826025.5,5265847.0,5144688.0,
807,230.17555331691548,4.255563,,,,,,,,,,,624340.3,789144.2,727251.75,876677.1,764064.44,965095.9,660173.06,1068738.9,908174.5,1052489.0,572352.6,512506.6,1677916.4,1244471.2,959395.75,1020979.94,928320.8,935580.4,877678.1,
808,212.164951930522,4.2560167,,,,,,,,,,,787750.9,1173208.6,969975.1,1253098.8,1020235.3,1247857.4,991393.3,1469836.0,1228213.5,1366878.6,607118.2,606466.2,1972694.5,1463161.5,1251125.1,1279995.9,1189112.2,1234486.8,1188808.8,
809,232.22760593586756,4.2919307,,,,,,,,,,,0,411717.12,0,201650.48,0,0,356367.28,1833479.9,157145.2,398982.84,0,0,0,0,242482.02,262402.0,263847.22,257254.23,252439.7,
810,398.2750980437405,4.311161,,,,,,,,,,,585525.1,598026.8,570425.3,668534.56,631426.3,620971.1,648310.9,609114.8,645024.94,577554.1,597463.3,564830.94,1532749.9,1206863.0,651212.1,653662.9,691430.5,619801.25,587164.4,
811,137.98777968747896,4.304801,,,,,,,,,,,1750509.6,1682769.4,1535378.9,1822322.8,1328588.6,1180109.0,1694068.1,1207376.6,1640502.5,1239218.0,1586808.9,1189415.1,2147917.2,1987819.2,1526452.0,2083790.1,2336391.0,1220640.9,1466175.1,
812,246.1704137512891,4.3228326,,,,,,,,,,,0,1758950.0,0,2472895.8,2081172.4,2080710.2,1775576.5,1281951.1,1952083.6,1979153.0,0,0,0,0,912384.56,971515.2,862948.0,953250.06,883141.1,
813,229.14393584065564,4.325364,,,,,,,,,,,0,900179.7,0,1278149.5,1057608.9,1027917.1,879422.1,655965.3,982845.6,990122.7,0,0,222021.58,0,525082.56,508206.2,489947.6,505286.38,483520.62,
814,251.1258102900294,4.3234806,,,,,,,,,,,0,765821.1,0,1016698.7,829727.9,852523.4,795023.7,503876.22,763486.75,775539.06,0,0,0,0,398903.47,447626.7,446534.62,382317.06,366496.47,
815,130.06555334510972,4.3472133,,,,,,,,,,,302942.16,4497302.0,309660.0,2185561.0,3040891.8,3073431.0,1194928.5,1588488.1,1512294.4,2520234.8,0,0,0,0,1735736.0,1590395.6,1677720.0,1551804.1,1387081.2,
816,198.1857759456118,4.3481736,,,,,,,,,,,2246483.8,2277695.5,2218883.0,2261870.0,2324309.8,2227519.5,2383668.5,2296144.5,2083192.9,1851571.6,1771068.5,1692046.6,4917155.5,3753460.8,2759554.0,2401925.8,2501234.2,2261438.5,2058908.4,
817,216.19628219051762,4.3481736,,,,,,,,,,,8024552.0,8235212.5,7975428.5,8476610.0,8416446.0,8066938.0,8535204.0,8683798.0,7698848.0,6912343.0,6487702.0,6357385.0,1.7338684E7,1.4030591E7,9455297.0,8544177.0,9085432.0,8232394.0,7400340.5,
818,238.17814794967833,4.3481736,,,,,,,,,,,1202617.8,1326431.8,1104347.8,1342376.0,1354592.8,1181231.1,1422186.6,1268840.2,1104369.1,903260.75,841254.56,769259.56,2691751.5,2301776.2,1625629.2,1358916.4,1549281.0,1225797.2,1003511.3,
819,181.15914572347364,4.3481736,,,,,,,,,,,889717.44,866261.2,844243.6,873452.25,927114.6,867582.8,950656.2,959611.3,934433.2,838692.1,667250.8,650515.06,1928205.0,1468044.2,1054456.6,909041.1,1019498.4,863760.3,797344.25,
820,139.98277792084127,4.337309,,,,,,,,,,,2408945.0,1842635.1,2940254.0,2366235.5,0,1396308.0,2273512.5,2157453.5,2299728.5,2124080.5,2792618.8,1976063.1,1299736.8,1886583.4,2013428.1,2371037.5,3243613.2,1721576.5,2396492.8,
821,190.99349871997381,4.358507,,,,,,,,,,,3720507.0,2345390.2,3881456.5,0,0,1962977.1,3048885.5,3021506.8,3213918.0,2903216.0,3900582.0,2781606.5,1690997.4,2602273.2,2495521.2,3254989.8,4251735.0,2319541.5,3101714.5,
822,162.99859664537107,4.3722024,,,,,,,,,,,3097122.5,2016872.5,0,0,1513920.2,1607360.1,2529179.0,2417872.2,2674258.5,2820691.2,3031436.0,2192056.8,1351370.9,2135273.8,2053351.9,2468101.2,3660111.8,2313323.2,2511758.8,
823,442.3018503297496,4.384964,,,,,,,,,,,662895.3,664916.75,597989.75,681794.8,638740.1,723205.1,691947.1,600016.8,649924.4,594586.1,628903.9,624204.94,1489390.2,1293279.5,726146.1,674205.7,723055.4,656926.6,594562.3,
824,233.09244839404087,4.402007,,,,,,,,,,,626828.8,732130.5,792781.6,3893035.5,2169733.2,483511.4,612370.3,544042.2,1353124.0,925662.7,0,0,0,0,1075162.8,1039076.0,1018781.4,1150936.8,1044453.44,
825,248.22240596280912,4.421662,,,,,,,,,,,0,1408284.2,0,1074756.8,1029150.9,1364331.2,0,481616.66,654011.3,1232703.2,0,0,0,0,643607.56,653564.3,673541.56,658043.44,612885.75,
826,340.2850254289657,4.428724,,,,,,,,,,,0,949352.8,1376267.4,469989.62,524150.75,833652.9,315114.44,1129536.2,772251.6,523711.47,0,0,0,0,806054.94,796442.56,786465.2,718749.5,667670.25,
827,325.2489656889407,4.4368544,,,,,,,,,,,0,414677.75,498275.12,300596.16,208237.14,213255.27,0,490446.03,229781.42,253092.39,0,0,306273.16,0,889258.6,931025.56,930168.3,877469.06,883170.5,
828,331.21726562786284,4.459569,,,,,,,,,,,1155557.2,1326435.8,693163.5,797975.4,995047.6,806473.56,628297.7,964689.2,785601.6,889125.5,845186.1,905437.44,4285119.0,2187551.2,1054113.2,1408620.5,1099872.2,623466.44,804218.7,
829,536.3072912843592,4.4603305,,,,,,,,,,,0,2559653.5,0,1612401.2,2128846.2,1689562.1,725313.5,859305.56,1156958.2,1990291.0,0,0,0,0,863862.1,885628.5,960974.0,879529.1,848852.8,
830,541.2628091467516,4.4616346,,,,,,,,,,,0,1197697.1,0,837645.0,1044341.6,818110.06,406536.22,425590.7,525522.1,945891.94,0,0,0,0,410231.4,390739.06,503583.53,434450.4,443912.94,
831,339.21710386905903,4.4609866,,,,,,,,,,,0,1950099.1,0,1278147.4,1695612.5,1323401.5,560074.44,744326.9,862435.9,1536413.9,0,0,0,0,636021.1,613771.5,710183.7,667340.9,639654.6,
832,201.0485435604528,4.4651484,,,,,,,,,,,512754.44,2285341.2,0,0,473540.9,0,0,0,0,0,0,0,0,0,656342.8,604951.94,614900.2,505368.03,501670.88,
833,322.18656141657664,4.472692,,,,,,,,,,,368858.3,434452.66,619166.2,232420.92,345187.47,355716.28,372934.62,646284.56,465295.97,724101.3,342779.22,363144.84,198724.34,195134.42,396812.1,437137.22,393769.62,656904.06,1277638.8,
834,299.11058683688003,4.4731507,,,,,,,,,,,1864912.6,3055955.0,2019930.1,2961013.8,2748210.5,2437443.2,3791054.8,3052569.2,1798983.1,2426253.0,765376.3,808021.0,2453862.0,2166135.5,5737590.0,5875649.0,5348120.0,4302131.5,3635156.5,
835,277.1286916812166,4.473596,,,,,,,,,,,615729.25,933873.56,700996.0,849278.9,801526.5,767927.9,1145479.1,1007551.7,626436.94,827541.56,293590.97,313583.97,826448.7,648447.6,1676475.2,1785824.4,1585642.0,1432403.8,1309986.5,
836,191.1646206244954,4.4900017,,,,,,,,,,,865689.75,877116.1,844968.0,881163.75,917409.7,826783.5,925224.56,832187.0,853395.9,781577.25,871133.5,831024.8,2005112.8,1774282.1,1026175.2,910989.3,931768.9,855305.5,795333.5,
837,213.14668642346444,4.497272,,,,,,,,,,,1.0657122E7,639506.75,687019.7,746486.25,688784.3,604617.4,759208.2,597362.25,704189.5,556539.5,592302.3,591572.25,1299176.9,1348575.6,883360.25,749453.6,751959.9,661784.06,602585.2,
838,190.99349722791806,4.513796,,,,,,,,,,,3462063.8,2020636.0,0,3081325.0,2467461.2,2422099.2,3068478.2,2624826.5,3195474.2,3181253.8,2559750.2,2682274.8,2217427.0,2626872.0,2358029.0,3049158.0,4706885.5,2394415.8,3152867.8,
839,311.2696692364254,4.5004215,,,,,,,,,,,672212.1,713555.2,691695.3,758399.1,720165.2,702450.25,722591.06,696669.56,659894.44,708545.25,656979.06,673498.75,1927494.8,1393052.0,786363.3,764145.94,697685.9,703855.06,690391.5,
840,176.07106441924455,4.5334573,,,,,,,,,,,365082.25,5296741.5,339893.53,5799278.5,4142374.5,2871378.5,2863375.5,2415931.5,3492916.8,2738563.0,0,0,0,0,1827116.2,2508252.8,2389322.5,1995328.6,2258302.8,
841,162.99857590852983,4.54131,,,,,,,,,,,2913589.5,1866669.5,0,2583626.5,2135617.8,2225941.2,2485184.0,2234189.2,2527039.5,2568497.0,2287917.8,2175700.8,1839294.4,2059709.4,1941883.1,2355261.2,3824418.2,1981347.2,2458643.0,
842,283.19073713971403,4.543206,,,,,,,,,,,224405.02,257733.52,234428.89,280259.0,256333.47,242763.38,261479.2,231076.27,241328.72,234117.3,200689.8,212623.16,1934427.6,714382.75,291993.9,297696.97,276992.9,255310.66,234488.5,
843,139.98276318956786,4.5513916,,,,,,,,,,,2427377.5,1414733.2,2280989.8,2269678.8,1714442.6,1415571.8,2119721.8,1877335.5,2174459.8,1916933.9,1866673.2,1748473.2,1613856.5,1818309.4,1260865.1,2058676.5,3246326.5,1652223.2,2204003.5,
844,265.1802120337745,4.5728,,,,,,,,,,,185760.97,3574679.5,160044.17,1850671.4,2090776.6,2698368.0,657559.6,824811.4,1356779.5,2283247.8,0,0,630471.2,274105.22,1042608.2,1028339.94,1113572.5,1212438.9,1082190.1,
845,247.16962943330006,4.5727983,,,,,,,,,,,195508.8,5072568.5,212081.47,2623165.5,2919218.5,3773445.5,860491.3,1156981.1,1938402.5,3125856.0,0,0,304303.3,155290.81,1475321.5,1475923.5,1550398.2,1741537.5,1558807.8,
846,321.2062139322191,4.58104,,,,,,,,,,,1196359.9,3.619838E7,1236841.1,1.8379396E7,2.0172504E7,2.66972E7,6009316.0,8144491.0,1.3633601E7,2.1840062E7,0,0,0,168133.58,1.0058629E7,1.0340525E7,1.0694007E7,1.1694166E7,1.0797018E7,
847,339.2169500927346,4.57489,,,,,,,,,,,1830057.6,6.07236E7,1957084.0,3.0550956E7,3.32572E7,4.3604508E7,9816498.0,1.3178007E7,2.2670718E7,3.60577E7,0,0,0,0,1.6759236E7,1.7016932E7,1.7782418E7,1.8936326E7,1.7624124E7,
848,546.3278558007104,4.5743923,,,,,,,,,,,0,1993085.5,0,634581.1,951938.7,1686512.4,0,568556.2,969769.6,2265106.2,0,0,0,0,237470.23,270256.78,321072.34,648697.06,931763.6,
849,523.2519084594883,4.57489,,,,,,,,,,,591212.4,2.7970194E7,627733.9,1.0986718E7,1.2415785E7,1.6766971E7,3246773.0,4087041.8,7932408.5,1.3389396E7,0,0,0,0,5266225.5,5702110.0,6010536.0,6226796.5,5563725.0,
850,219.17475791155286,4.572267,,,,,,,,,,,0,2525645.0,0,1233172.6,1383730.0,1775486.2,417191.9,550548.94,911134.75,1530505.4,0,0,165600.02,0,681803.94,709189.5,734053.5,784401.06,763188.6,
851,501.2698757564001,4.5748906,,,,,,,,,,,302597.03,9245981.0,341364.38,4659286.5,4956364.5,6135610.0,1489654.9,1928323.5,3477487.5,5017834.0,0,0,0,0,2470936.8,2502781.5,2639553.5,2617927.0,2592056.2,
852,539.225787637518,4.5752325,,,,,,,,,,,0,3221247.8,0,1234021.0,1408081.2,1981445.9,434585.62,513075.8,895831.4,1525308.9,0,0,0,0,612250.25,665953.2,643556.6,750264.56,637492.1,
853,554.1807153245159,4.5754614,,,,,,,,,,,146839.83,2684121.8,146523.48,1684463.4,1650368.5,1787093.1,548611.8,778628.1,1365318.5,1697463.5,0,0,0,0,863624.44,978867.06,1143069.1,936894.5,938858.9,
854,518.2965549995023,4.5748906,,,,,,,,,,,447222.62,1.865516E7,576402.6,8684649.0,8935447.0,1.0505536E7,2667536.8,3406241.0,6097047.5,8781926.0,0,0,0,0,4787938.5,4651915.0,4912049.0,4658281.0,4590877.5,
855,137.98778652359707,4.5801735,,,,,,,,,,,1779850.9,1763424.8,1360288.2,2005904.2,2098886.2,1893432.0,1643656.1,1404038.1,1911414.8,1867364.6,1424043.5,1059758.0,2041658.9,2241360.0,1759339.0,1962678.4,2572638.2,1380500.4,1670757.5,
856,191.16457075286803,4.5846825,,,,,,,,,,,7054872.5,5944689.0,6387898.0,6713444.0,6838482.0,6551971.0,6846460.0,6059656.0,6256942.5,6593674.5,6467851.5,6126123.5,1.3337983E7,1.284195E7,7599585.5,6939056.0,6771557.0,6651108.0,5987068.0,
857,208.1911817505816,4.5846825,,,,,,,,,,,1579810.6,1387076.4,1356774.8,1623485.8,1546619.5,1465486.8,1507309.1,1381894.9,1429116.6,1494396.0,1419951.5,1335874.9,3337193.2,3034168.8,1771733.5,1635818.0,1604817.4,1504215.6,1332237.9,
858,213.14656008947009,4.5851197,,,,,,,,,,,9919786.0,7684920.0,8585520.0,9209191.0,8835304.0,7789589.0,9353535.0,7673840.0,8445280.0,7868680.0,8402809.0,7287857.5,1.6162196E7,1.8155028E7,1.0044279E7,9446135.0,1.0528061E7,8645517.0,7829817.0,
859,209.1540324405349,4.604781,,,,,,,,,,,1885040.5,1846744.6,1802826.4,1978169.0,1985849.1,1918331.0,1978900.2,1893177.6,1888855.5,2000182.5,1801358.0,1937247.5,3989391.5,3815305.2,2138129.5,2350275.5,2078034.9,1985447.2,1863263.6,
860,227.16465487645587,4.604781,,,,,,,,,,,835832.06,825524.3,800295.4,804716.7,816241.7,835083.6,853285.94,840796.8,821930.25,862162.75,806619.0,807105.75,1790958.8,1624689.0,977343.3,953550.9,888992.4,836002.44,802538.75,
861,162.99854433588376,4.60238,,,,,,,,,,,3075616.2,1866669.5,2707901.0,2456829.8,2135617.8,2172122.8,2094679.9,2234189.2,2194754.0,2362347.5,0,2223408.5,1636224.2,2183345.5,1493415.8,2628433.2,3197566.5,2077773.0,2833882.8,
862,190.99348666893587,4.6324105,,,,,,,,,,,3649076.2,2183581.0,0,3022467.5,2478776.2,2599000.0,2493144.5,3057230.0,2700554.5,2770283.0,0,2617461.2,2165733.0,2626872.0,1841723.0,2938494.0,0,2548098.2,3152867.8,
863,227.1762437030436,4.682636,,,,,,,,,,,0,0,0,0,0,0,0,0,0,0,0,0,277300.28,168516.89,1238394.1,114320.65,0,0,0,
864,139.98276924069086,4.6405625,,,,,,,,,,,0,1414733.2,1806839.1,2026913.2,1625179.5,1585864.1,1571908.6,1965428.8,1764788.4,1562682.5,1866673.2,1676078.2,1458461.4,1592177.8,1314381.0,2058676.5,0,1644914.8,0,
865,180.17509557935873,4.717857,,,,,,,,,,,1008855.75,1282050.9,1180813.8,1253940.8,1069157.8,1342583.8,1098311.4,1449327.4,1063012.2,1525792.2,929290.25,950324.2,2595461.0,2070159.6,1217040.8,1348974.2,1447786.2,1289181.0,1206748.4,
866,198.185721974607,4.717857,,,,,,,,,,,1836788.2,2286418.2,2050821.8,2466054.8,2046990.0,2360825.5,1996105.8,2698868.0,1959804.8,2803487.2,1737004.9,1710234.6,4766797.0,3686399.8,2304811.8,2588965.2,2606991.2,2397828.2,2163590.0,
867,226.18050113832143,4.717857,,,,,,,,,,,9581410.0,1.1686432E7,1.0499004E7,1.206406E7,1.0576063E7,1.2479393E7,1.0111527E7,1.3988257E7,1.0202277E7,1.4413351E7,8941023.0,9164403.0,2.387185E7,1.8959792E7,1.1918666E7,1.3068537E7,1.3376418E7,1.2388753E7,1.1425921E7,
868,266.1730619655693,4.717857,,,,,,,,,,,1783155.2,2269447.8,1878176.4,2386189.2,2070428.1,2413241.8,2026707.0,2613441.0,1932571.8,2528049.5,1549756.8,1469770.9,5124291.5,4052837.0,2387556.2,2586984.0,2765567.5,2406871.8,2025655.5,
869,244.191151374164,4.7182994,,,,,,,,,,,7860763.0,9531874.0,8187784.5,9474205.0,8482116.0,9958313.0,8191405.0,1.103105E7,8493442.0,1.1509695E7,7215875.5,7277747.5,1.9533866E7,1.5740336E7,9902602.0,1.0673223E7,1.1161619E7,9691962.0,9497980.0,
870,214.18053035562858,4.7231493,,,,,,,,,,,5250243.5,6194947.5,5412548.5,5827196.5,5662359.0,5412882.0,5586335.5,6124811.0,5196847.5,5248396.5,5100641.5,4973011.5,1.3872231E7,1.0300753E7,5993933.5,6220984.0,5995209.5,5207504.5,4904162.5,
871,236.1622762803701,4.7236047,,,,,,,,,,,1613808.4,2152482.0,1760954.2,2083147.1,1986478.8,1799919.0,2016316.2,2069678.1,1577270.1,1548545.6,1391426.8,1378605.1,4013289.2,3550706.8,1954601.1,2170329.8,2020037.5,1822736.0,1373652.4,
872,162.99854783318872,4.704244,,,,,,,,,,,2567207.0,1919171.2,2153697.2,2566170.0,2026944.1,2248401.2,2034098.0,2299587.5,2417398.5,1897362.9,0,2223408.5,1648314.6,2391876.0,1572982.0,2461492.8,2939845.5,2144956.5,0,
873,441.2102209402337,4.728012,,,,,,,,,,,3392256.2,4181002.8,3795051.8,3696896.0,3877930.5,3461314.5,3761268.2,4253708.0,3289858.2,3435111.5,3115305.0,3189547.5,7902972.0,6359827.0,2572618.8,3408802.8,3495355.8,3470811.8,3090197.5,
874,401.21727288178795,4.7284555,,,,,,,,,,,1819922.4,1964119.2,1952600.1,1769796.6,1838163.9,1827635.8,1762598.5,2058535.1,1799804.2,1829239.6,1756331.1,1801845.1,2393960.0,2569063.5,1326781.4,1619052.8,1670885.9,1801055.6,1727130.0,
875,419.2281033602876,4.7284555,,,,,,,,,,,1571653.4,1745994.4,1693885.2,1532879.1,1606139.0,1520411.0,1507726.4,1834721.5,1509739.8,1578358.2,1615802.9,1611718.2,2199359.8,2210499.8,1143123.4,1392611.6,1491438.1,1546166.1,1506893.9,
876,436.2547397564052,4.7284555,,,,,,,,,,,5618126.5,5928745.0,5815563.5,5429630.0,5503897.0,5419182.0,5371734.5,5966851.0,5344072.0,5564577.5,5421333.0,5700020.0,7630086.0,7328757.0,4283040.0,4885670.0,5192318.5,5409971.0,5251009.5,
877,257.1287615752115,4.7324266,,,,,,,,,,,0,903650.4,0,562447.94,666774.6,774231.4,554972.56,457685.34,635682.56,1064174.0,0,0,0,0,283546.88,349384.84,359748.9,326478.3,313016.53,
878,393.3112530581607,4.739619,,,,,,,,,,,1459449.9,1416075.0,1428829.4,1552614.2,1522902.4,1471733.1,1419314.2,1462860.0,1418337.9,1296704.8,1223791.8,1265962.5,3106323.5,2387894.2,1312826.6,1426752.9,1517208.9,1515442.6,1285451.8,
879,137.9877797289307,4.766189,,,,,,,,,,,1745250.0,1614099.4,1609686.5,1840208.2,1635657.6,1515829.0,1709425.9,1569252.5,1652628.2,1383352.8,0,1083063.1,2158502.5,2248033.5,1492159.1,2205747.8,2335927.2,1417367.5,1532619.8,
880,726.3917790638113,4.7600884,,,,,,,,,,,0,1501744.2,0,591700.8,800967.9,909944.8,330470.47,322765.03,394278.88,894339.0,0,0,0,0,416228.3,435683.5,477767.22,426969.72,450621.2,
881,205.1438973189606,4.77219,,,,,,,,,,,550452.3,614273.8,434281.34,713038.06,578955.2,530580.7,640143.94,521072.72,507736.38,434677.34,495685.97,441782.97,7202163.5,1461245.9,806918.25,840863.8,717603.44,526427.8,475337.2,
882,227.12608934606473,4.7717285,,,,,,,,,,,411230.88,416477.84,298476.47,448168.4,398185.1,332330.44,430324.72,329078.03,376086.25,284905.72,288176.34,301141.38,4572491.5,1020537.44,561036.6,561243.44,528421.5,418844.22,335272.0,
883,222.17049576354893,4.7726436,,,,,,,,,,,395618.56,449640.03,323974.56,494071.03,417292.78,367760.38,483520.22,372209.9,373234.78,310289.12,345147.47,316529.78,5634222.0,1140043.8,583479.9,648852.25,532190.9,420444.84,335063.97,
884,261.1102055061443,4.7835145,,,,,,,,,,,2221012.0,2847715.8,1807497.6,2301828.0,2545250.2,2212529.0,2803721.5,2136239.8,1834208.5,1569033.6,1957081.5,2030827.8,5215514.5,4486192.5,3475443.0,3288373.0,2881133.0,2210171.5,1759665.5,
885,163.0757770091046,4.7826233,,,,,,,,,,,664155.5,813255.56,549645.2,711186.4,714253.5,701330.94,819354.9,614142.3,584911.8,504619.16,588992.4,621500.8,1912534.4,1378677.9,991365.0,951924.44,886608.56,681010.1,573870.56,
886,186.07922001373706,4.7983165,,,,,,,,,,,0,2898853.0,0,2467194.5,2012964.5,2225386.5,1418353.8,1459178.1,1393784.4,1533516.2,0,0,0,0,1521671.8,1854859.2,1649256.6,1204140.1,953681.4,
887,228.23268447141885,4.7752075,,,,,,,,,,,427329.0,822669.7,434117.97,565861.3,508621.94,570588.1,749112.3,1376061.9,514855.0,666875.25,395609.0,400274.94,492529.12,475979.7,582474.3,606768.5,556551.25,536426.8,546939.25,
888,265.14095395538794,4.809199,,,,,,,,,,,0,1509159.4,0,770881.2,1024577.0,1084368.2,476074.9,567970.6,1139245.8,2918816.8,0,0,0,0,360636.78,384785.44,429855.7,609023.3,993225.5,
889,220.0827874879063,4.809334,,,,,,,,,,,824756.6,6.779923E7,672883.7,4.0655652E7,4.4827116E7,4.540284E7,2.4011978E7,1.8405226E7,3.144756E7,6.949939E7,0,0,0,0,1.9984574E7,2.2653378E7,2.3091304E7,2.2533276E7,2.360185E7,
890,246.24311897152137,4.809405,,,,,,,,,,,1175393.1,4.2590964E7,919907.7,1.9807708E7,7405239.5,1.3651762E7,3.4663536E7,1.0166784E8,1.6514846E7,3.395646E7,406863.7,417544.12,1237355.1,1013016.3,1.6718746E7,1.848748E7,1.9219452E7,1.9392194E7,1.8996934E7,
891,156.08459314505566,4.8098416,,,,,,,,,,,0,4214446.5,0,2289265.8,2624027.8,2622036.8,1367711.6,990643.6,1863631.8,4383959.5,0,0,0,0,1122508.9,1294936.9,1312276.8,1290989.6,1285898.1,
892,242.06474794665152,4.8091974,,,,,,,,,,,0,1549668.1,0,933249.06,1058686.2,955268.9,584800.25,343878.9,643667.4,1293440.1,0,0,0,0,445710.34,528412.9,534689.8,478774.94,506604.97,
893,139.9827544923153,4.817504,,,,,,,,,,,1963254.4,1500313.9,2074759.2,1466350.4,2144629.5,1321353.8,1430426.2,1857844.8,1643190.5,1262140.9,1949929.9,1345679.0,1408687.6,0,1233709.9,2048072.2,1950489.1,1499740.0,1952433.5,
894,162.99854543384416,4.834072,,,,,,,,,,,0,2186992.8,2821368.2,1969798.8,2284026.5,1764895.2,1793974.1,2575769.2,2202052.2,1909291.9,2648694.8,1915035.8,1897205.6,0,1739902.0,2842333.5,2567237.2,1984844.1,0,
895,202.2168968561389,4.835031,,,,,,,,,,,1007934.94,1.7001916E7,4085695.0,1.1796936E7,1.2945958E7,1.5368612E7,6888550.5,2.4395496E7,1.3195802E7,1.6105455E7,0,0,361259.94,249675.42,1.712081E7,1.8564448E7,1.8376462E7,1.6153278E7,1.5683954E7,
896,190.99344573923378,4.847334,,,,,,,,,,,3177039.2,2969121.8,3615603.0,2609539.8,2837369.2,2299809.8,0,2804227.0,2782148.5,2477949.5,3335497.8,2310196.5,2306299.0,2320597.5,2076067.9,3191205.2,3183495.8,2427971.5,0,
897,283.1907218264352,4.844568,,,,,,,,,,,187834.7,223973.67,187129.78,215405.77,225467.69,191096.58,196214.69,186963.8,198750.94,189306.84,190494.31,171782.55,1407855.0,472804.12,229229.73,249001.78,211790.3,206534.7,197171.28,
898,163.0757822798694,4.8979363,,,,,,,,,,,1186695.9,1401283.8,963621.75,1159521.5,1366481.1,1181133.8,1572980.9,1270344.0,917678.06,1142397.5,946003.06,884707.25,3206683.0,1907711.2,1955616.0,2031363.4,1833708.6,1474184.9,1276114.1,
899,261.11026799536114,4.897938,,,,,,,,,,,6017640.5,7159471.5,4755467.5,6049790.5,7000670.5,5832620.5,7931112.5,6563913.5,4529829.5,5144037.5,4560590.5,4043184.2,1.2337426E7,9316095.0,9881841.0,1.0569789E7,9690990.0,7821265.5,6100884.5,
900,239.12821466410963,4.8983827,,,,,,,,,,,971087.0,1251231.2,881931.44,996929.44,1190887.5,1020777.75,1320638.8,1086649.9,777130.7,1022035.94,804863.75,754872.3,2597117.2,1624234.4,1683928.0,1651666.2,1621707.6,1287569.8,1083777.6,
901,227.17611347366991,4.874523,,,,,,,,,,,0,0,0,0,0,0,0,0,0,0,0,0,3.2764764E7,166036.64,1073975.0,132507.61,126581.984,0,0,
902,349.237537693876,4.90551,,,,,,,,,,,840638.4,1.9249538E7,826562.25,1.0379766E7,8017360.5,1.3250273E7,3028804.0,4383888.0,6098448.5,9128546.0,0,0,0,215999.25,5635209.0,6925936.0,6177990.5,5698712.0,5928338.5,
903,275.2010547988066,4.898095,,,,,,,,,,,214367.56,4612213.5,185885.77,2394006.2,1920760.4,3117923.2,682487.6,991820.6,1454041.0,2154354.8,0,0,151804.02,0,1357966.8,1610707.2,1465574.5,1376573.2,1456240.8,
904,367.2482674416761,4.9002185,,,,,,,,,,,213092.84,5229112.5,219569.39,2697245.0,2192516.0,3539146.0,796049.4,1071234.1,1644593.8,2376399.5,0,0,0,0,1497431.2,1769517.2,1651869.4,1506043.9,1505433.6,
905,713.3365358267271,4.90079,,,,,,,,,,,217731.81,5504617.5,219740.56,2615581.8,1969552.2,3491138.0,717351.0,1083803.0,1588641.8,2428438.8,0,0,0,0,1404674.0,1794135.6,1612306.5,1381844.1,1475193.6,
906,708.3811529752217,4.90079,,,,,,,,,,,416034.44,1.1633821E7,450019.97,5847603.5,4630845.5,7992977.5,1625006.8,2214378.8,3525895.8,5197595.0,0,0,0,0,3192476.5,3457845.5,3559411.8,3294423.2,3178526.5,
907,691.354722907683,4.9006367,,,,,,,,,,,0,1921415.8,0,924219.56,757868.75,1303915.6,281495.5,433023.56,592881.9,975735.2,0,0,0,0,575806.7,585473.2,600796.06,524150.53,533665.7,
908,137.98779803402772,4.8918905,,,,,,,,,,,1366728.1,2003878.6,1677750.5,1965709.9,1635657.6,1516093.9,1377224.8,1580923.0,1369403.5,1500267.6,1346288.5,1199325.5,2039842.9,1966547.9,1534282.6,2277967.2,2265320.0,1177155.1,1423661.6,
909,214.21687987182065,4.918621,,,,,,,,,,,0,2913137.0,0,2405012.0,1227102.2,2966056.5,258318.83,902352.3,1225101.1,1823667.8,0,0,0,0,1077320.9,1072888.0,1186322.4,1144558.9,1081483.8,
910,262.2380365178715,4.920575,,,,,,,,,,,896904.6,1.03550056E8,5687194.0,9.1664456E7,4.7816292E7,1.1343143E8,8295902.5,3.3984252E7,4.7468404E7,6.972267E7,206636.34,0,309014.25,332295.75,4.154781E7,4.251043E7,4.4926976E7,4.335171E7,4.2090524E7,
911,575.2526324675562,4.919921,,,,,,,,,,,0,1532830.2,0,542898.3,642946.25,704367.06,236238.05,163273.25,361778.78,1483018.1,0,0,0,0,383133.06,393261.94,396595.4,449462.1,441051.47,
912,267.19580960115013,4.9449754,,,,,,,,,,,307034.3,314972.06,309969.72,324098.0,320423.16,317659.06,321865.3,305042.12,318465.6,298376.38,278100.16,278102.53,1355151.2,861608.44,351829.72,350206.56,339764.44,323179.2,301656.0,
913,216.23269086086867,4.95231,,,,,,,,,,,0,942807.94,671788.2,446259.8,938099.2,595216.1,451203.34,1445873.9,689164.6,830250.3,0,0,0,0,919181.3,853517.0,893431.94,837771.5,807174.6,
914,532.3041088039691,4.9681034,,,,,,,,,,,598648.94,6272479.0,535302.9,2741083.5,3574121.0,4432294.5,1573333.8,1394148.2,2304077.8,4347939.5,0,0,0,0,2128272.8,2182761.5,2150412.5,2118701.5,1901088.4,
915,349.23743525684677,4.942907,,,,,,,,,,,809862.44,1699468.4,761806.56,742525.4,914547.4,1.4180395E7,3129806.0,4145169.2,6171997.0,1133488.5,0,0,490578.06,215999.25,6301702.5,7745883.5,6486809.5,5997479.0,6250720.5,
916,258.2069123558091,4.9741216,,,,,,,,,,,734662.94,817783.56,774936.4,780136.06,787413.75,756467.25,798323.6,780917.06,749035.75,776970.94,757290.94,742035.3,1726890.0,1418059.2,822642.2,838581.7,807593.75,761856.7,759357.3,
917,226.21706040532519,4.9783196,,,,,,,,,,,0,449295.6,0,0,0,189443.05,338243.38,3353907.0,0,261689.42,0,0,0,0,460691.47,450310.16,479353.03,411032.56,402777.16,
918,244.22757125268316,4.967708,,,,,,,,,,,0,856672.4,0,345823.62,239653.98,476032.12,551061.94,6136210.5,213086.89,473778.6,0,0,0,0,802372.0,815813.94,805842.44,730535.56,726071.6,
919,128.95119127389694,4.9674835,,,,,,,,,,,1815409.8,1975055.5,1882409.1,1796806.6,1685351.2,1531185.6,1741505.9,1530632.0,1649718.2,1739850.9,1814711.0,1748168.4,1848999.9,1969079.5,1410822.9,2216603.2,1871859.0,1543384.6,1692488.5,
920,139.98281438054,4.978643,,,,,,,,,,,1421655.0,1538030.5,0,0,1441750.9,1267070.4,1352860.5,944907.06,1422832.2,1542214.1,1745083.8,1544434.1,1204379.4,0,0,1819075.2,1529889.6,1173037.6,1515747.4,
921,190.99350441743783,4.9752645,,,,,,,,,,,2786307.8,2793833.2,0,2609539.8,2654274.2,2372432.0,2493806.5,0,2815378.0,2869052.5,3394144.8,2587133.5,2205922.8,2680370.5,1634039.0,2922843.0,2714182.8,2264720.0,2808913.0,
922,162.99859067577478,4.977579,,,,,,,,,,,2182118.8,2071504.2,0,0,2112871.5,1764536.5,0,1482151.6,2124197.8,2306262.8,2614941.2,2361589.8,1682518.9,2098704.0,1245078.4,2499556.0,2075679.9,1796619.0,2274756.0,
923,260.22252567222057,4.9991117,,,,,,,,,,,0,365296.53,0,321177.9,280185.38,354069.9,0,216577.55,187179.36,304707.62,0,0,0,0,1203591.6,1353643.4,1298579.6,1131376.8,1031923.6,
924,210.1857078634134,5.0079727,,,,,,,,,,,865431.9,926874.3,943784.5,978936.2,850822.7,834953.0,1013991.6,821299.5,716900.5,783657.8,779429.44,656535.25,2132776.2,1587540.5,877051.7,1049141.1,958081.3,736509.06,828839.94,
925,367.248371253513,5.0417686,,,,,,,,,,,0,1820929.9,0,815041.1,987521.7,944086.8,289955.84,228540.75,562680.6,1173010.4,0,0,0,0,491221.1,543199.7,575438.7,520131.56,516153.3,
926,708.3813173495042,5.041781,,,,,,,,,,,0,2210336.8,0,978170.44,1158636.2,1170680.8,374857.75,267958.38,648563.6,1369007.9,0,0,0,0,592171.56,654696.6,720257.1,636936.06,584267.2,
927,301.24886197051427,5.0560994,,,,,,,,,,,0,0,0,0,0,0,0,1073607.6,0,0,0,0,0,0,0,0,0,0,0,
928,192.13872487056486,5.061311,,,,,,,,,,,1036823.4,969571.2,1005680.56,996801.75,987580.2,908913.8,1025101.3,910717.94,954048.7,913675.06,945087.06,929549.1,2161405.0,1780988.0,1091149.8,1260523.8,1115966.9,1010061.94,1104138.9,
929,181.1227475564976,5.0635448,,,,,,,,,,,144103.12,2107936.5,137662.6,2284396.2,2397559.8,2170478.5,1729724.6,1348234.0,1868713.5,2524330.0,128933.195,146667.75,252339.67,222072.95,943260.56,1119435.1,1037616.75,1026485.3,1070697.9,
930,321.2059082204054,5.085392,,,,,,,,,,,135097.23,486979.25,214340.62,702078.94,680868.44,556803.75,422360.44,608931.3,848718.44,377959.1,0,0,217207.17,165172.42,336906.5,374032.4,371291.72,351650.16,344309.78,
931,532.304220950664,5.098467,,,,,,,,,,,0,1818241.8,0,723796.06,1123438.6,898532.8,451023.47,423902.0,730716.2,1225822.9,0,0,0,0,651272.2,598723.5,646385.3,575467.7,666910.25,
932,552.3304067185525,5.100462,,,,,,,,,,,0,1816565.9,0,413357.8,531017.4,650788.3,174170.62,178475.56,364028.12,830844.8,0,0,0,0,460031.7,495774.12,471843.78,452642.34,474360.1,
933,139.9828423261897,5.1164083,,,,,,,,,,,1471355.4,1329984.9,1379052.6,1628922.8,0,1313500.8,1369487.9,1020794.2,1506979.6,1365747.9,1795564.1,1385594.9,1217200.0,1480679.1,996366.94,1365441.0,1395671.0,1093433.2,1081808.4,
934,267.19590884387816,5.125489,,,,,,,,,,,405269.6,473866.8,420379.12,496109.8,512169.7,418194.56,526417.9,452162.56,474701.9,434732.25,416545.2,419939.78,3332096.8,1601462.8,564623.56,536210.7,528306.3,432174.2,416356.94,
935,171.99337749279692,5.157822,,,,,,,,,,,2843930.2,2721717.0,2555281.8,3389454.0,2757094.0,2514363.8,2865566.5,2246162.0,2846364.0,2576977.8,2495627.2,2485604.2,3130490.2,3175555.0,2658987.8,2932516.0,3101175.0,2521296.0,2534462.0,
936,199.98829954555606,5.1528664,,,,,,,,,,,1.0106565E7,9764918.0,8830868.0,1.1881412E7,9464437.0,8934335.0,9891138.0,7826969.5,9673480.0,8873044.0,8761599.0,8833208.0,1.0337948E7,1.1125538E7,8976481.0,1.0424355E7,1.0837755E7,9216172.0,8590856.0,
937,198.18575396373774,5.1575727,,,,,,,,,,,4229067.5,4312998.0,4342336.5,4228609.5,4241028.0,4287381.0,4408291.5,3997693.8,4153313.8,3918519.8,4287018.0,4078608.2,9278789.0,8409699.0,4940408.5,4702785.5,4866084.0,4432416.5,3858424.0,
938,177.16425841587647,5.165178,,,,,,,,,,,1897401.8,2081430.6,1878699.6,2227637.0,1965277.9,1905558.1,1922075.2,1761035.2,1901517.6,1663507.1,1737456.2,1557979.2,3933996.5,3750015.5,2144369.2,2157565.0,2109984.5,1856906.0,1693775.8,
939,195.17487226708397,5.1651816,,,,,,,,,,,891790.0,982377.7,844600.06,1029645.25,949895.9,870873.25,902236.44,835784.25,869346.8,804412.3,790754.3,692831.0,1841500.8,1712500.4,1011073.1,987918.0,951592.0,875241.0,778803.75,
940,158.96170641299253,5.1969633,,,,,,,,,,,3791129.2,3948843.8,3374612.2,4552769.5,3655026.0,3588949.8,3833503.0,3031838.8,3671699.2,3394553.0,3506137.0,3361051.5,3932263.5,3820657.5,3421952.2,3785061.0,4111717.5,3660760.8,3464480.8,
941,162.99856788608224,5.181192,,,,,,,,,,,2552428.5,2154125.5,2007946.9,2346069.5,1770295.0,1919855.4,2100064.2,1580518.4,2245467.2,2104692.2,2240604.8,2151463.5,1913667.5,1777541.4,1520118.1,1857572.8,2232420.5,1872776.5,1942747.9,
942,190.9934741598061,5.1969266,,,,,,,,,,,3016524.2,2651910.0,2508018.0,3116374.0,2165062.2,2589720.0,0,1789589.1,3045449.2,2437266.2,2914836.0,2774049.0,2291143.5,2278403.2,1900224.5,2305347.2,2625732.8,2169362.5,2616642.8,
943,344.1717819916118,5.198576,,,,,,,,,,,0,1822718.6,0,1031117.9,1212838.5,1031910.0,200450.6,250326.39,507819.8,1214736.0,0,0,0,0,541413.0,624317.2,559829.4,554496.75,545033.3,
944,239.2010194737454,5.212724,,,,,,,,,,,297373.0,328677.38,280101.25,332267.72,294450.22,307455.34,337282.03,303484.3,279577.78,302486.9,282478.62,283402.9,1842541.0,1340399.1,438864.8,380703.56,367687.47,285195.22,273709.88,
945,246.13450784805372,5.2091846,,,,,,,,,,,0,0,0,0,0,0,0,0,0,0,0,0,2507431.0,159351.11,0,0,0,0,0,
946,321.20606775318964,5.2410116,,,,,,,,,,,0,1698232.5,0,813539.6,889318.9,1155935.2,299304.6,266084.22,538970.5,1183567.8,0,0,242766.72,160421.08,513316.34,502026.53,582754.25,479923.88,497212.12,
947,339.2169965668144,5.235876,,,,,,,,,,,0,2536447.0,0,1149510.5,1249027.8,1608809.8,376111.03,336617.6,742101.44,1619923.0,0,0,0,0,729676.3,681464.0,796195.44,710532.6,677041.6,
948,139.98275356789713,5.233304,,,,,,,,,,,1391903.1,1329984.9,1112464.8,1502611.8,1038671.8,1239638.2,1189792.5,915123.0,1506979.6,1157211.5,1339498.8,960432.7,1181948.2,1102708.2,892966.7,1186339.6,1395671.0,1106312.0,1226083.5,
949,158.15433809903047,5.2542915,,,,,,,,,,,2.5638782E7,3.1601732E7,2.2179926E7,2.7468232E7,2.5577966E7,2.47615E7,2.6454794E7,2.144637E7,2.4299034E7,2.588992E7,2.5251072E7,2.3322688E7,4.567854E7,4.075953E7,2.63341E7,2.994016E7,2.8796446E7,2.4023926E7,2.404079E7,
950,273.2539833300481,5.2547083,,,,,,,,,,,3215210.5,2343944.0,3935602.0,2004502.8,2510591.5,2658376.8,2144347.2,3729035.8,3699405.0,4405710.0,4817254.0,5023858.5,2131499.5,2596952.2,1841064.6,1868999.9,2116235.2,3040164.2,4654899.5,
951,162.99852547504548,5.2726603,,,,,,,,,,,2362234.0,2297422.8,1923524.8,2591224.2,1838367.8,1884967.0,2052114.1,1630368.9,2379045.2,1892421.5,2240604.8,1755359.1,1761733.9,1652543.4,1531480.6,1926835.9,2045105.5,1700385.9,2128942.2,
952,211.1696550735618,5.2608275,,,,,,,,,,,3229758.0,3877629.5,3154645.2,3642045.2,3588975.8,3269347.2,3443750.8,3325415.2,3131619.5,3255453.0,3274647.5,2990434.5,6915499.5,5611577.0,3668792.0,3730832.5,3716074.0,3445756.0,3246793.2,
953,228.1962481922179,5.26127,,,,,,,,,,,4.80591E7,5.536803E7,4.60083E7,5.3693424E7,5.2545636E7,4.916505E7,5.1059816E7,5.0134864E7,4.679058E7,4.7316136E7,4.7466484E7,4.34457E7,1.0144505E8,8.404009E7,5.571044E7,5.613796E7,5.62599E7,4.9381068E7,4.724825E7,
954,229.18053755211756,5.2616816,,,,,,,,,,,2750169.5,3082580.8,2638552.8,3038985.5,2989935.5,2839117.5,2909616.0,2883230.5,2690322.2,2559816.0,2611411.2,2427988.5,5763499.5,4807509.5,3255564.5,3156509.5,3282268.5,2702255.8,2558821.8,
955,193.1591730645012,5.262584,,,,,,,,,,,2773687.0,3288744.2,2704698.2,3144689.2,3026798.5,2840735.8,2929280.5,2884958.5,2738914.5,2786480.8,2784478.8,2601968.8,5759012.0,4825328.0,3181495.8,3272146.5,3170269.0,2931043.8,2744564.2,
956,250.17813274477143,5.2625794,,,,,,,,,,,1.5872178E7,2.2498594E7,1.4877602E7,2.0432278E7,2.0225734E7,1.7343056E7,1.8379606E7,1.6683921E7,1.5805667E7,1.6046339E7,1.5274007E7,1.3566216E7,3.204708E7,2.9620282E7,2.003902E7,1.9801838E7,2.0297622E7,1.751523E7,1.4826943E7,
957,202.1804812395962,5.2628417,,,,,,,,,,,275605.7,1008734.44,605205.5,592529.75,1039976.25,539361.44,569714.1,1098861.4,576058.06,705902.1,0,0,0,0,2159843.0,2414372.2,2329360.5,2064548.9,2003784.8,
958,175.14857931165045,5.265647,,,,,,,,,,,2427387.5,2802316.5,2199233.5,2749753.2,2662337.8,2420064.8,2454393.5,2389196.5,2361396.8,2430783.2,2374458.8,2193788.0,5034513.0,4162582.0,2711256.5,2745230.8,2818188.2,2452381.8,2295360.0,
959,266.1521665078681,5.2665114,,,,,,,,,,,1673373.6,2388581.8,1653517.4,2183977.2,2105840.2,1858500.2,1987969.0,1804537.4,1693421.2,1654062.4,1630444.0,1397037.2,3300680.0,3169762.0,2248959.2,2141982.8,2172481.2,1881990.0,1593524.2,
960,223.13336624728234,5.2874355,,,,,,,,,,,5491768.0,5061938.0,5025629.0,6811996.5,4838092.5,5850706.5,5613293.0,4128560.8,5046389.0,5514327.0,4457715.0,4996221.5,1.054703E7,9985397.0,5139408.0,5587406.0,6006833.5,5278108.5,4692837.5,
961,305.2091750258777,5.2896504,,,,,,,,,,,888992.56,968640.2,886183.7,1187921.5,1015492.75,997920.56,1034910.7,808021.3,821312.25,916519.3,703518.2,729214.44,2432945.5,1914080.4,959051.2,988979.25,1177416.8,1060148.5,755896.06,
962,190.9934467721351,5.295001,,,,,,,,,,,2755389.8,3074523.0,2639929.8,3354134.8,2329966.8,2492362.0,2750600.5,2004622.1,3000870.8,2554525.8,2914836.0,2410154.5,2291143.5,2117095.2,2134369.2,2455543.5,2625732.8,2475534.8,2880546.2,
963,349.2376007971665,5.2983384,,,,,,,,,,,555252.25,4813907.0,481940.16,3127565.8,2178923.5,4196633.5,866230.7,1465760.4,2136181.8,2157985.5,0,0,0,0,1508162.6,1808025.5,1836497.4,1860008.2,1776501.9,
964,137.98780536362202,5.304781,,,,,,,,,,,1713891.0,2635148.2,1520489.9,2112400.0,2243124.0,1810273.4,2003934.1,1454384.6,2012012.6,1758075.6,1556458.5,1270284.8,2577672.5,2406911.2,1960936.8,2352848.8,2256304.5,1399987.1,1709913.1,
965,249.20646870177336,5.309868,,,,,,,,,,,2583810.5,1813274.0,1432389.1,1492538.0,1784680.6,1617219.1,1847253.9,1562919.0,1608422.8,1441712.2,2122984.5,2202733.8,3129279.0,2993988.8,2830941.2,2918336.0,2737119.8,2680650.5,2205633.5,
966,271.1883803044787,5.310305,,,,,,,,,,,1263701.0,1033444.9,817040.1,812854.3,1032219.06,810434.7,1023595.75,872440.1,886311.75,785412.94,1089854.4,1068412.9,1697828.2,1628045.0,1482481.4,1544324.5,1449696.9,1335658.6,1140526.9,
967,467.1893924967328,5.330988,,,,,,,,,,,0,1769291.9,0,1114446.9,1209277.8,867301.7,0,0,523100.97,1891411.9,0,0,0,0,0,0,280445.1,0,249621.11,
968,170.10016834213937,5.3313932,,,,,,,,,,,295177.75,1.789785E7,211373.4,1.2769866E7,1.3866067E7,1.2616266E7,5646315.5,4862233.5,9589570.0,1.936371E7,0,0,0,0,5654797.0,5310383.0,6708354.0,6940295.0,6079711.0,
969,256.0803105178063,5.331353,,,,,,,,,,,0,8087859.5,0,5545156.0,5872068.0,5229870.5,2592453.0,1902453.5,3771658.0,7430116.5,0,0,0,0,2520340.2,2470925.2,3019567.8,2477397.0,2381098.5,
970,234.09815616754503,5.331692,,,,,,,,,,,5729184.0,2.4642626E8,4938238.5,1.8438632E8,1.9908566E8,1.792548E8,9.02192E7,7.4797736E7,1.4067936E8,2.6774142E8,205933.62,185142.33,224219.78,238774.39,9.039715E7,8.767806E7,1.0342713E8,1.00061416E8,9.4706E7,
971,279.1564331222359,5.331939,,,,,,,,,,,182451.8,5065244.0,197494.22,3592085.5,4371668.5,4386527.5,1819379.0,2650505.8,4914261.0,1.0357514E7,0,0,0,0,1720485.8,1656975.9,1896360.9,2964406.0,3933747.2,
972,279.15694181306674,5.3431835,,,,,,,,,,,182451.8,246333.08,0,210643.48,1154726.0,4607298.0,1891245.6,0,0,736487.7,0,0,0,0,1558451.9,1554530.0,1997961.6,3144268.0,4186669.8,
973,158.9616789251947,5.325853,,,,,,,,,,,4030859.5,4257167.5,3504894.5,3798909.5,3866136.8,3625438.8,4014310.5,3204011.5,4018134.2,3538862.2,3514818.0,3349367.0,4066867.2,3742363.5,3644951.8,4009020.8,3729508.0,3120714.5,3456626.2,
974,279.09374426856715,5.3459888,,,,,,,,,,,1232077.8,1368791.0,1246293.8,1334316.5,1392425.8,1311163.1,1428585.8,1392024.5,1319535.0,1264760.9,1234164.4,1168204.6,5845244.5,2059444.9,1385731.2,1407261.0,1400476.1,1330193.2,1153663.0,
975,422.254994189756,5.3420463,,,,,,,,,,,0,0,0,0,0,0,0,0,0,0,0,0,2928333.0,353766.22,156998.56,147802.44,0,0,0,
976,307.1884132447626,5.344279,,,,,,,,,,,205226.22,896305.25,233029.62,675141.8,656210.25,548957.0,439001.12,308017.22,478406.4,702416.56,180726.05,175415.02,1938257.0,1255626.6,783056.0,593421.44,540482.9,411960.97,335618.12,
977,302.23299147782313,5.324565,,,,,,,,,,,228877.31,286226.75,206498.55,434324.0,254673.58,243142.97,325805.2,248727.34,219208.52,229285.3,193763.23,219726.47,1931565.5,1427436.1,591401.3,452582.97,406266.25,221215.25,224210.64,
978,202.18046530782414,5.354373,,,,,,,,,,,149542.39,474460.34,389663.88,277134.6,1066422.1,364424.56,268376.38,567725.4,301610.12,374093.88,0,0,0,0,1215378.2,1412514.4,1088991.1,970199.06,1038027.8,
979,225.19667871624165,5.3625245,,,,,,,,,,,909608.4,1026554.9,962680.3,1016777.94,1013422.25,1032544.7,957193.44,952426.1,936978.7,1021038.0,963694.25,940946.8,2343520.8,1989983.4,1081935.4,1118673.4,1012077.44,991555.4,981722.6,
980,446.26039592011216,5.3693657,,,,,,,,,,,705098.9,772273.6,727486.8,781638.3,717093.3,731129.75,723680.2,739076.56,690002.56,716918.4,762605.5,730504.6,2426925.0,2112322.8,1234009.8,790582.06,732109.6,706471.06,686764.94,
981,276.2538115031542,5.3838596,,,,,,,,,,,0,1271709.8,0,1286938.0,393027.7,1671946.6,0,304636.38,451163.62,579988.44,0,0,0,0,443703.0,417229.66,418606.75,461135.1,420708.94,
982,190.9934790367549,5.3713245,,,,,,,,,,,2870348.2,2965053.0,2527291.5,2419595.5,2200578.8,2245393.5,2750600.5,2186844.5,3000870.8,2075992.1,2652738.5,2931928.8,0,2117095.2,1930800.1,2529753.2,2699723.5,1645427.2,2533647.5,
983,237.11259509715057,5.3974214,,,,,,,,,,,586560.94,677494.8,617311.56,665488.94,647586.94,611956.2,669656.6,618418.7,637173.56,573808.6,573165.25,570598.44,1936316.4,1298287.5,746806.44,710164.56,699700.3,624242.4,599281.1,
984,411.2383289403344,5.3978777,,,,,,,,,,,1078146.1,1304182.5,1178180.9,1300228.5,1233357.4,1197571.1,1327750.8,1242143.9,1210197.5,1103879.2,1120244.2,1078630.4,3678205.5,2427030.2,1384138.2,1375672.6,1410619.6,1251724.9,1162277.9,
985,429.2491210500734,5.3978777,,,,,,,,,,,3021336.5,3609197.0,3174156.0,3516305.5,3406180.0,3179523.5,3655455.2,3331741.0,3266356.2,3045169.2,3159893.0,2939852.2,9949550.0,6961808.0,3776454.8,3747103.2,3740643.5,3369554.8,3068713.8,
986,451.2313203520951,5.3978777,,,,,,,,,,,1416802.9,1949549.6,1579869.6,1858825.2,1824523.2,1711361.5,2048656.2,1722414.5,1672655.0,1580334.0,1381256.9,1283724.4,5387861.0,3727279.8,2007756.2,1902017.6,2041664.6,1710562.8,1507202.9,
987,466.28144577365595,5.396802,,,,,,,,,,,0,0,0,178224.0,0,0,164741.17,0,0,0,0,0,4016723.2,665879.5,308473.25,246091.4,213658.75,0,0,
988,490.28696845629497,5.404678,,,,,,,,,,,1280965.2,1375003.5,1382998.2,1424726.6,1389841.5,1338356.1,1361264.4,1456445.9,1377675.9,1347921.8,1335711.5,1325409.5,4229730.0,3760597.0,2345983.5,1550885.0,1470699.1,1405663.4,1330917.8,
989,225.1490464679495,5.409135,,,,,,,,,,,1258317.0,1489114.0,1371878.8,1504360.2,1421173.2,1360959.0,1487991.8,1523763.2,1502138.5,1342418.2,1317010.4,1304622.4,1822046.4,2860336.8,1527815.0,1498542.2,1639705.0,1393995.4,1249851.2,
990,344.1717913375915,5.4125705,,,,,,,,,,,0,1532336.2,0,720253.5,996339.94,854710.75,0,211144.42,400957.47,1026223.44,0,0,0,0,392243.7,419153.7,434221.97,435961.47,418207.1,
991,199.9883011848717,5.3888245,,,,,,,,,,,9764315.0,1.0391896E7,8880079.0,9740704.0,9406792.0,8833264.0,9774844.0,8779104.0,1.0098877E7,7684097.0,8610999.0,8929728.0,0,9946324.0,9420096.0,1.0151094E7,1.0703867E7,7611507.0,9122890.0,
992,139.98281879299975,5.386659,,,,,,,,,,,1337024.1,1342001.0,1120764.8,1025450.06,1082897.4,1052502.9,1169175.0,957622.8,1357472.6,856416.0,1181621.8,1216564.6,752307.44,901436.44,920184.2,1096576.4,1149541.0,712064.56,964202.3,
993,227.9833724191378,5.442801,,,,,,,,,,,1330549.5,1696362.0,1400411.6,1539484.6,1374946.8,1254476.0,1543545.6,1287324.9,1569016.0,1142916.6,1228036.5,1366337.1,1452801.0,1553168.2,1465285.1,1537471.1,1634587.6,1179337.2,1362080.4,
994,162.9986194298383,5.423537,,,,,,,,,,,1810361.5,2310029.2,1906475.6,1924614.9,1689635.6,1816927.5,2169045.8,1697392.8,2453304.0,1620039.6,1974935.5,2195106.5,1490176.4,1695122.5,1589483.9,1943609.4,2135004.2,1362618.1,1737995.1,
995,534.313399621009,5.438148,,,,,,,,,,,1722723.1,1865157.2,1821488.9,1830976.5,1821385.8,1791687.2,1918254.2,1798620.4,1734878.2,1842260.4,1823070.1,1702530.1,5647605.0,4942931.0,2975880.5,1844069.1,1910460.6,1762108.2,1783065.6,
996,223.16980865757333,5.4385123,,,,,,,,,,,653748.4,746101.3,637236.0,714253.56,700208.4,707175.2,717721.7,678104.6,641587.4,723824.25,675964.0,642009.06,2008739.0,1574217.9,792865.9,768975.44,757508.4,661189.5,675036.1,
997,240.19623118092505,5.4385123,,,,,,,,,,,4761521.0,4955459.5,4437862.5,4901749.5,4720928.0,4764016.5,4800516.5,4625225.5,4338169.5,4724550.5,4417760.0,4334740.5,1.3298798E7,1.069718E7,5276434.0,4974881.0,5034855.0,4489016.5,4561882.5,
998,262.17829714062566,5.4385123,,,,,,,,,,,1718559.2,2085758.1,1623812.9,1907190.2,1789086.8,1777520.8,1916395.0,1748397.2,1584176.8,1778523.1,1478625.4,1444797.6,4901350.5,4217310.5,2083019.4,1925766.1,2016748.6,1719337.4,1553175.8,
999,510.3073955364545,5.446815,,,,,,,,,,,0,165488.19,0,193397.48,157783.45,135492.52,186632.83,0,0,0,0,0,4113066.0,889773.44,372082.25,303642.78,260013.66,116087.17,0,
1000,269.21155847860956,5.4538484,,,,,,,,,,,3280228.0,4293898.5,3033480.2,5120507.0,3579451.2,3981039.5,4878881.0,3360670.0,3194795.2,3169068.2,2989222.8,3006635.5,1.8889976E7,1.5513723E7,7967150.0,6907376.0,6433280.5,3611376.2,3209400.2,
1001,578.3395482011522,5.466092,,,,,,,,,,,1631076.5,1657372.1,1583216.8,1790701.0,1705169.9,1737552.2,1796349.5,1700965.0,1751869.9,1646775.4,1713558.6,1769308.9,5482155.5,4738373.0,2747581.0,1853416.1,1997492.1,1616045.2,1659275.8,
1002,309.204624503912,5.485741,,,,,,,,,,,948758.8,1179682.2,776508.2,1512616.5,1074004.9,1084199.0,1297542.9,896332.75,863507.06,843027.7,755241.7,768877.4,7206637.5,5042740.5,2060243.8,1897919.4,1656759.2,927982.5,781784.5,
1003,190.99354645312465,5.4884515,,,,,,,,,,,2253507.5,3073671.5,2649593.2,2419595.5,2182644.5,1954198.5,2937307.2,2421267.2,3243283.5,2332019.2,2403259.0,3019888.5,0,2057695.5,2116298.2,2337323.0,2826975.0,1800413.6,2188798.2,
1004,265.1051960892114,5.4899077,,,,,,,,,,,4252367.5,4847200.0,3767597.2,4517914.0,4813567.5,4329563.0,4791047.0,3930030.2,3923862.8,2759548.0,4024857.2,4312532.5,2.2502736E7,8329580.0,5726460.0,5382162.0,5401597.5,3925305.2,2750291.0,
1005,260.14984444141874,5.4903564,,,,,,,,,,,584471.2,727117.6,550479.06,627090.5,697270.6,651025.25,732583.6,615916.7,552957.8,425348.28,640763.06,699135.4,4816508.0,1440277.1,900521.7,861731.9,791506.7,588160.56,405467.44,
1006,622.3661369611167,5.491349,,,,,,,,,,,1371104.5,1350058.2,1335998.6,1502796.0,1418087.4,1312557.1,1382872.0,1380051.4,1335119.1,1304088.2,1368643.2,1357458.1,4231323.5,3582954.2,2243178.0,1427027.9,1661179.8,1448609.5,1399050.0,
1007,281.07911776361306,5.4917088,,,,,,,,,,,325211.22,360259.16,280285.8,300264.88,365191.3,347987.88,338209.62,288458.56,247641.62,189159.94,296739.66,337548.34,1941431.0,681505.3,433277.94,388093.06,398698.66,315452.7,210017.22,
1008,554.3335140245919,5.4946322,,,,,,,,,,,0,178467.7,0,246810.17,137947.83,137851.55,195955.62,0,0,0,0,0,2762502.0,721119.5,350456.2,298703.16,267260.25,141560.2,0,
1009,392.2282595228091,5.4975657,,,,,,,,,,,1407151.1,1441170.1,1375374.1,1398167.2,1476127.8,1389135.9,1371285.2,1371696.1,1277254.9,1310768.1,1535246.9,1554632.5,469786.88,459264.5,183561.66,1509383.1,1476466.2,1391213.9,1310191.5,
1010,160.07608991843034,5.4997773,,,,,,,,,,,356023.28,1.1038202E7,214855.88,6963883.5,4892690.5,6449401.0,1953793.1,2684441.8,3590665.0,5417032.5,0,0,0,0,3151948.0,3565577.5,3529355.2,3252175.0,3390080.0,
1011,251.20100038833243,5.5042357,,,,,,,,,,,1334987.9,1470448.5,1155847.4,2087120.4,1488780.0,1371665.4,1618771.8,1131897.5,1259712.4,1205289.9,1174225.6,1194662.1,7871565.5,5942724.0,2982050.2,2595167.5,2286166.0,1291150.8,1185008.0,
1012,348.20237886988417,5.5064793,,,,,,,,,,,4702755.0,5222588.0,4479611.5,3238936.0,5412862.5,4433192.0,4001752.5,4535679.5,4310786.0,3087809.0,6528068.0,7080227.5,5596232.0,6121716.0,3151356.0,5850225.0,5056219.5,4504088.0,3449381.0,
1013,267.19594965287666,5.5100203,,,,,,,,,,,298835.75,352665.7,270671.38,507012.44,353223.1,339148.78,381142.28,268749.16,282111.0,279726.06,318055.44,275106.12,2173069.0,1696146.9,769427.8,660855.06,560794.94,290061.22,291632.28,
1014,666.3923949891638,5.513218,,,,,,,,,,,958235.6,969910.5,961317.0,1065798.8,998531.7,1000652.6,1007632.3,935653.2,942900.25,929835.7,974768.6,1013559.56,3133165.2,2653398.2,1646054.8,1100496.8,1027142.75,862157.44,956353.56,
1015,304.17615509580065,5.5229692,,,,,,,,,,,1.1374069E7,1.3523333E7,1.1812903E7,7177843.0,1.2442313E7,1.1003575E7,1.1236631E7,1.1133983E7,1.1740039E7,7115943.0,1.6845E7,1.7549522E7,1.9620034E7,2.0095838E7,1.1353324E7,1.1789166E7,1.1381658E7,1.1192077E7,8257935.0,
1016,309.1314244212817,5.5229692,,,,,,,,,,,6264413.5,7922090.5,6741874.0,4183340.8,7217894.0,6139480.5,6930855.5,6588847.5,7106702.5,3951157.8,9581558.0,9757649.0,9492320.0,1.0535433E7,6268406.0,6808348.5,6429460.0,6161939.5,4365427.5,
1017,325.1053580426893,5.5229692,,,,,,,,,,,1088040.0,1347142.8,1127483.2,687350.94,1215810.6,1064794.9,1175571.5,1122191.2,1177513.0,670357.94,1667602.1,1658665.6,1920658.8,1952404.1,1118868.8,1116385.9,1078079.5,1066715.6,744652.56,
1018,332.2071972657067,5.5234175,,,,,,,,,,,724341.2,602821.06,996763.25,260555.8,599719.5,564685.4,471061.47,783361.4,911052.44,615008.56,1866625.5,2006459.6,597453.44,661203.5,380267.0,422098.28,389927.34,656923.5,781748.5,
1019,162.99861680324577,5.527249,,,,,,,,,,,1832513.6,1623542.4,2035814.5,1924614.9,1853882.6,1548200.0,2003250.5,1767797.9,2458622.2,1850360.2,1893425.1,0,1490176.4,1641379.0,1734402.2,1761887.1,2135866.0,1362618.1,1636549.8,
1020,190.9935341154379,5.5351205,,,,,,,,,,,2576659.2,2232560.5,2649593.2,2419595.5,2461992.8,1954198.5,2637743.0,2361092.5,3259170.5,2332019.2,2403259.0,2376038.0,2033995.9,2057695.5,2116298.2,2324599.0,2707656.8,1380555.2,1923722.4,
1021,139.98291172679205,5.538441,,,,,,,,,,,1000627.25,1001710.56,1062139.1,1025450.06,994241.1,803293.6,1286778.0,951226.75,1385854.1,966681.9,964789.56,900148.8,764341.0,872958.7,862185.0,968043.7,1125981.2,577133.1,823034.75,
1022,203.06783594493945,5.5631466,,,,,,,,,,,700456.3,760618.06,736846.94,863539.44,745780.94,723293.75,741036.5,771827.5,787883.4,719272.8,768430.75,685972.6,1518225.2,1399278.1,1401693.6,744861.0,849099.6,746574.9,728643.3,
1023,227.9833964054122,5.5654488,,,,,,,,,,,1480833.6,1392738.0,1400411.6,1676798.2,1374946.8,1300254.0,1578786.6,1380919.2,1569016.0,1287189.0,1227833.5,1268326.0,1705696.5,1553168.2,1539794.0,1531019.4,1758746.8,1121385.8,1138321.8,
1024,269.2118016550323,5.587364,,,,,,,,,,,2047948.4,2355386.8,1880993.4,3128066.0,2344291.0,2101147.2,2581106.2,1812375.6,1979021.4,1831012.8,1884941.2,1907701.6,1.2133836E7,8640587.0,4291667.0,3877654.2,3535112.8,1982706.0,1835471.2,
1025,251.2012382282023,5.5878015,,,,,,,,,,,642057.7,718694.1,621242.1,963506.44,720637.5,669272.7,810287.75,569245.9,649363.06,563729.75,568973.25,583204.25,3823902.8,2582598.8,1328119.8,1201054.8,1037584.4,610786.3,593583.44,
1026,309.20492566720424,5.585036,,,,,,,,,,,552215.9,838858.56,481469.12,889060.44,730900.5,658656.2,736985.4,481678.75,602887.94,851876.06,440932.88,457368.12,4290673.0,2700332.2,1191407.9,1064034.5,1044824.06,576450.3,538023.25,
1027,336.25353248055734,5.602982,,,,,,,,,,,0,1039768.75,0,359795.84,487545.62,481272.38,180648.81,0,276260.16,719533.0,0,0,0,0,279790.28,272216.06,244219.8,0,0,
1028,307.18911895002594,5.61556,,,,,,,,,,,531186.56,643575.7,410248.7,574782.6,518428.1,502598.75,591093.0,452432.22,454271.84,471551.38,398187.7,387284.8,2328468.0,1511091.0,669666.06,717289.3,494649.94,493710.47,447957.44,
1029,267.1963920021636,5.6168914,,,,,,,,,,,1524356.5,1649670.6,1269245.9,1625312.4,1439757.0,1452479.4,1644193.5,1285177.1,1372275.8,1411133.8,1424688.9,1351687.4,7112566.5,4211613.0,1804360.8,1871323.9,1510777.2,1485657.6,1374672.8,
1030,223.21791486381215,5.647396,,,,,,,,,,,514969.88,491353.22,536186.9,509769.56,468500.66,492873.84,484918.16,504114.75,527232.9,457675.22,484119.28,529127.9,2208096.0,1148051.0,665459.5,606708.3,601939.6,547943.94,510818.5,
1031,139.9831627596943,5.624774,,,,,,,,,,,1000627.25,714311.0,718493.7,0,709626.2,803293.6,851645.9,0,945971.8,828517.3,843016.1,770487.56,0,709079.2,793405.75,968043.7,1067295.9,565056.06,708489.25,
1032,190.99394607870084,5.6559787,,,,,,,,,,,2574767.2,2101960.5,1993444.0,2386161.8,1736533.2,2121720.5,2199730.5,2250272.5,2327954.5,2119551.0,2234114.0,2011216.1,2033995.9,0,1966940.8,2324599.0,2633078.8,1720046.5,2023810.8,
1033,335.22086257104627,5.6794333,,,,,,,,,,,0,332857.47,0,0,920358.4,592550.2,922658.1,622973.25,489414.7,612325.4,0,0,140631.44,0,205157.36,234743.23,275787.34,261095.03,249189.11,
1034,240.23339675101943,5.6894197,,,,,,,,,,,1417214.6,1655951.4,1216346.9,1512070.8,1567638.1,1704349.6,1606173.5,1374449.6,1337154.8,1230061.9,1214371.9,1239316.5,7323465.0,3305412.2,1897779.0,1642980.4,1740049.4,1522049.6,1199794.8,
1035,343.297095183896,5.6894197,,,,,,,,,,,1588528.5,1870990.6,1440586.9,1727703.2,1840639.5,2012179.6,1832469.9,1609942.1,1546580.1,1422062.1,1384000.9,1427315.6,9116978.0,4004589.8,2222406.8,1965192.5,2004139.2,1801450.9,1469644.2,
1036,149.02431253646668,5.6938877,,,,,,,,,,,1715748.1,1874796.0,1566568.0,1897715.4,1787909.9,1984670.1,1803584.6,1855533.0,1714438.8,1691379.4,1532749.9,1722115.1,3816485.0,3283439.8,1955668.5,2037026.5,1965540.0,1831585.6,1526514.0,
1037,177.05574755722944,5.694802,,,,,,,,,,,1350416.6,1473573.8,1274914.4,1462305.8,1490342.0,1606534.5,1396464.6,1471493.8,1397664.6,1324222.9,1215498.8,1414166.9,2921721.8,2516765.5,1421782.4,1578809.5,1538892.4,1446321.1,1233333.8,
1038,223.09779965530058,5.6952543,,,,,,,,,,,1081365.0,1143912.6,986443.3,924841.75,1137168.6,1285409.1,1116983.0,1145899.2,1078574.8,1027096.94,953227.0,1064399.9,2314866.2,2040972.0,1135582.4,1287443.8,1229594.2,1145084.2,925682.1,
1039,162.99912546595954,5.7261367,,,,,,,,,,,1675544.5,1797767.6,1462794.2,1782073.8,0,1650893.0,2043672.4,1630251.8,1578907.1,1671215.1,1907314.0,1530645.5,1448092.2,1421193.4,1537603.9,2090751.0,2024552.5,1255517.2,1566863.0,
1040,251.20189000076894,5.7102976,,,,,,,,,,,431412.84,507094.5,399927.44,594704.0,487273.6,418004.62,564315.2,418500.1,425518.28,399082.66,414795.47,401734.9,2797724.0,1729117.9,843869.3,800207.25,704191.2,422946.62,424506.16,
1041,269.2126458556229,5.714001,,,,,,,,,,,1318742.1,1479418.9,1208736.6,1746313.8,1396451.0,1270831.0,1617628.9,1184553.2,1253737.1,1194367.4,1251063.0,1258047.5,0,5607175.0,0,2576735.0,2051391.4,1279361.5,1275626.5,
1042,269.21254337098514,5.7134714,,,,,,,,,,,1315798.1,1501600.2,1198024.6,1816991.1,1371887.1,1286030.5,1610474.6,1174455.4,1232854.0,1183644.4,1261874.5,1254949.5,8971856.0,5492657.5,2677384.8,2415346.0,2174013.0,1256038.0,1239374.4,
1043,309.2059984341766,5.719835,,,,,,,,,,,391782.53,599444.3,334598.7,599890.4,580222.06,509257.56,711285.7,420353.72,487389.6,674465.94,412295.3,364956.9,3719497.8,2043035.8,808298.2,777877.94,707811.25,448468.78,421517.34,
1044,283.191537178497,5.7422667,,,,,,,,,,,476400.44,588428.44,442460.38,559630.56,507627.44,519549.8,586162.8,518915.25,517935.8,506162.4,455971.34,410501.56,2331835.8,1372066.6,588683.75,540836.25,595455.4,520500.03,477260.6,
1045,256.26490024646444,5.7493854,,,,,,,,,,,0,912544.0,0,638170.06,0,823212.6,691032.44,428088.84,492561.9,481544.38,0,0,135959.25,0,330572.1,347033.16,403629.75,308867.8,338551.9,
1046,274.27536503129204,5.7471166,,,,,,,,,,,3875755.0,1.0662953E8,3100502.0,7.036885E7,1.3883665E7,1.0999525E8,8.837042E7,5.232469E7,5.7611244E7,5.92928E7,4728894.5,4483106.5,1.1874978E7,7844579.5,3.525387E7,3.9532424E7,4.002524E7,3.8575824E7,3.838681E7,
1047,288.29126186124364,5.766751,,,,,,,,,,,2230679.5,2704802.2,1779897.6,2851241.0,2578617.8,2214984.5,2870494.2,3197246.0,2002193.1,1991189.8,1726040.5,1749891.2,0,5061251.5,2597877.2,3013129.8,0,2251194.0,1881100.6,
1048,242.21277618042797,5.768597,,,,,,,,,,,690828.4,1000344.7,713817.9,848659.3,811471.1,858456.06,922362.6,801432.8,748763.2,712172.5,590460.3,555260.7,1526957.8,1082330.8,824571.44,864512.44,871784.5,775364.3,710819.9,
1049,288.2911622554357,5.7694917,,,,,,,,,,,2090973.0,2851497.0,1730762.5,2638819.0,2435525.2,2478361.8,2708253.8,3092963.0,1879135.5,1926825.9,1803078.5,1722009.9,7771350.5,4770001.0,3340894.0,2836566.5,2813266.8,2393112.5,1791100.0,
1050,137.98829213653863,5.774898,,,,,,,,,,,1201381.4,1650694.9,1088331.0,1991806.5,0,2467667.0,1863138.5,1259970.9,1391791.5,1249549.4,981816.25,930473.6,2197269.0,1799085.4,1609318.9,2136427.0,1602828.9,970436.5,1010643.5,
1051,230.24924301865238,5.7813215,,,,,,,,,,,2208140.2,2.8858866E7,4566539.5,1.8055404E7,9761571.0,3.392105E7,1.2766207E7,3.4169064E7,2.5141528E7,1.9731092E7,1260718.9,1400303.0,0,2389485.8,1021561.7,1.9810884E7,0,1.9903984E7,2.041871E7,
1052,267.1971509357699,5.788215,,,,,,,,,,,1126201.5,1311934.5,1114066.8,0,1191615.0,1036084.0,1269095.0,1210392.9,1203108.8,1013526.56,1041144.5,1018935.9,0,4488489.5,0,1490075.9,0,1126876.5,1103728.4,
1053,230.24916029324754,5.7829304,,,,,,,,,,,2161904.5,2.925916E7,4221835.0,3.534546E7,8957820.0,3.5394628E7,1.2132204E7,3.1664336E7,2.4248126E7,1.7374778E7,1229193.1,1268974.0,2482893.0,2231155.0,1.7056114E7,1.9212232E7,2.0580692E7,2.0688384E7,1.9863686E7,
1054,307.1898995856923,5.787049,,,,,,,,,,,340490.72,555809.8,350617.75,502144.06,487066.12,423909.44,450852.4,403590.8,426212.62,470319.25,328134.75,283679.22,2219812.0,1370438.0,661967.75,592070.4,603726.8,422566.25,384418.9,
1055,288.2547980347738,5.7893543,,,,,,,,,,,0,0,0,1445341.6,228205.45,0,0,375624.7,651921.1,515118.44,0,0,0,0,520981.66,604194.8,525030.7,577419.06,643164.0,
1056,288.25496222334925,5.7892585,,,,,,,,,,,0,661539.2,0,1632587.8,228205.45,1352942.1,0,375624.7,651921.1,454460.75,0,0,0,0,508150.94,549266.75,544629.7,533719.94,643164.0,
1057,139.9834233154868,5.7752147,,,,,,,,,,,726881.1,745791.06,660790.8,771437.8,549031.25,933530.4,929485.9,764777.94,714482.6,826113.25,783422.44,728382.0,672472.94,680654.3,740466.44,1006498.6,705730.94,601951.6,754437.06,
1058,190.99417123639583,5.7750463,,,,,,,,,,,2083901.9,2101960.5,1928614.6,2049017.0,1438896.2,2585706.8,2508621.0,2325059.5,2106818.5,2146670.8,2266092.8,2107792.0,1872238.5,1938834.0,2103441.8,2674947.2,2089212.5,1757916.6,0,
1059,318.3021397421175,5.798916,,,,,,,,,,,183825.0,1154370.0,185044.92,1784264.6,741026.75,2357478.8,1248607.1,809402.5,1698057.4,599098.2,797899.2,765467.44,0,1007574.3,0,792034.56,0,639164.2,679232.9,
1060,265.1813012049991,5.825231,,,,,,,,,,,245097.97,3346096.0,205010.47,2012680.1,2486267.8,2158941.8,1116546.2,918548.06,1588003.0,3538507.0,224144.75,199369.73,947544.3,476412.56,1094381.2,1346837.9,1233824.0,1092291.8,1130945.9,
1061,318.3019785796093,5.801039,,,,,,,,,,,183825.0,1242127.6,185044.92,1676879.6,689595.0,2547408.8,1197851.0,790086.56,1613820.1,599098.2,797899.2,765467.44,1005161.75,996762.1,648268.9,723234.94,769248.75,676287.1,633576.44,
1062,162.9991856522127,5.775717,,,,,,,,,,,1652711.6,1797767.6,1440907.8,1557070.5,1155300.5,1977066.1,2043672.4,1630251.8,1607155.8,1670576.6,1907314.0,1530645.5,1448092.2,1381581.1,1540997.2,2030610.1,0,1299944.2,1566863.0,
1063,274.275454570888,5.7820067,,,,,,,,,,,4024252.8,1.0790981E8,3245348.8,1990648.4,1015955.94,1.0233218E8,1294888.4,1361101.9,1746365.9,6.5707504E7,5177290.5,4969935.0,1.2501981E7,8049598.0,3.656212E7,790835.44,769776.1,3.741016E7,4.0029668E7,
1064,381.3129626559099,5.8130674,,,,,,,,,,,196043.11,471313.34,623992.75,727680.7,364497.88,364484.66,0,1611450.9,633795.75,332686.8,0,0,0,0,696758.44,824687.8,841343.3,858726.6,849848.44,
1065,267.19696049044296,5.811261,,,,,,,,,,,719888.25,1305559.9,1038889.44,1077466.0,1194677.2,1077834.9,945426.25,1108311.8,719366.56,679987.8,975080.06,952439.9,6751092.0,4453685.0,1867309.2,1591454.8,1245055.2,1176739.6,1030596.1,
1066,267.19695304870237,5.795894,,,,,,,,,,,1126201.5,855636.3,1114066.8,1473697.8,1191615.0,822278.44,1269095.0,1210392.9,1203108.8,1013526.56,1041144.5,1018935.9,6812336.0,4488489.5,2267404.5,2027052.9,1808415.1,831405.5,1103728.4,
1067,158.9622965018208,5.777735,,,,,,,,,,,3164503.5,3484953.5,2705392.5,3546588.5,2387638.8,3706079.8,3921442.0,3300222.2,2952808.0,0,3137507.5,2643932.2,3228267.5,3433253.0,3567479.2,4119514.0,3306428.5,2789706.5,2657412.2,
1068,334.2968450922491,5.819562,,,,,,,,,,,0,311363.75,0,390450.78,0,1026711.5,0,0,214677.72,0,2303158.2,2398407.0,2513876.5,2694099.5,163319.72,174932.44,168045.12,166931.31,214096.08,
1069,186.22280011125795,5.824025,,,,,,,,,,,956559.44,1032685.1,933161.4,1019819.75,1051387.9,1041156.25,1012830.3,1184674.6,1045003.5,1033546.7,969185.75,982239.6,1869740.8,1536624.8,1010662.44,1002548.6,951066.1,1144703.2,1078224.9,
1070,248.11520180623268,5.8272943,,,,,,,,,,,0,1140261.0,0,1139020.6,961190.4,754645.9,538539.5,547295.4,822010.4,1442004.9,0,0,0,0,418791.78,465179.66,457907.0,531934.9,450390.8,
1071,290.27038668328345,5.83337,,,,,,,,,,,1464121.9,1.3857837E8,2218381.2,9.871194E7,3.0829778E7,2.5611091E8,8928266.0,2.376425E7,5.5752892E7,4.3949656E7,4486236.0,4873259.0,4890779.0,5523795.0,2.2854934E7,4.984357E7,3.879241E7,4.8064776E7,4.6751784E7,
1072,242.24908806812684,5.831107,,,,,,,,,,,0,3383681.8,0,4216461.0,644645.1,6969685.0,201280.06,520373.72,1237844.4,973117.94,0,0,0,0,990580.1,1101760.4,1049921.0,1106511.6,1011184.06,
1073,290.2703740093167,5.8324814,,,,,,,,,,,1358227.9,1.3764811E8,2094537.2,1.65391E8,2.8954272E7,2.6662509E8,8293822.5,2.2499974E7,5.2068604E7,4.3161444E7,4308888.0,4437479.5,4748688.0,5117438.0,4.347435E7,4.7134636E7,4.6551784E7,4.562459E7,4.4283264E7,
1074,267.19694723951415,5.8152833,,,,,,,,,,,1059223.5,1305559.9,1114066.8,911627.56,1191615.0,1077834.9,1226270.1,1210392.9,1115373.6,1040912.6,675668.9,1018935.9,6355854.5,3764202.5,2171579.5,2021482.2,1032350.44,1176739.6,1103728.4,
1075,292.22844091775136,5.84746,,,,,,,,,,,0,2436542.5,0,545351.9,884350.8,974189.7,252698.39,218697.02,474794.25,1393288.4,0,0,0,0,572002.2,624436.4,639631.25,612240.4,556067.75,
1076,275.202195576356,5.856081,,,,,,,,,,,0,1597022.6,0,1020539.4,1176683.9,1115604.9,653547.5,459227.4,691774.75,1204601.6,0,0,0,0,530510.3,574131.75,599613.06,493069.9,493056.4,
1077,257.19141898598446,5.8561025,,,,,,,,,,,0,1225190.8,0,918073.8,993714.0,893421.2,623081.3,434042.44,624431.7,1008395.5,0,0,0,0,455450.1,413496.9,487933.44,396591.5,380409.6,
1078,288.2910481798193,5.8346586,,,,,,,,,,,0,591989.1,0,132184.33,0,0,547423.44,3143961.5,0,0,0,0,8439932.0,5061251.5,3686744.2,299040.88,2943486.8,300211.0,295957.62,
1079,251.20192986696853,5.864628,,,,,,,,,,,412998.47,468883.84,423045.72,613041.6,462773.9,478634.06,504685.22,379559.56,359122.25,383714.75,381071.66,365532.8,2471554.0,1653561.4,862059.56,763090.4,695744.8,409655.7,397762.0,
1080,269.21278414679176,5.8693695,,,,,,,,,,,1046712.06,1125732.2,1094563.1,0,1153444.2,1071029.2,1278230.8,990666.06,1026830.1,963584.0,954326.9,919205.4,0,4382670.5,0,1939688.9,0,973265.0,1053027.9,
1081,261.18645857281126,5.8674064,,,,,,,,,,,0,1153251.5,0,2036833.2,3230893.2,2121543.8,3110915.5,2330962.5,1805304.8,1780752.6,0,0,0,0,788619.25,786976.0,962951.0,805694.4,808211.4,
1082,172.1706463616745,5.867804,,,,,,,,,,,862341.94,784422.9,743049.06,888298.7,848755.44,834455.1,873524.56,789214.06,707972.5,677001.4,375496.22,323361.4,772184.3,605905.2,1019087.2,1133697.4,1006871.4,814984.25,909821.25,
1083,269.21258929295914,5.8692384,,,,,,,,,,,993811.06,1156738.6,1033820.06,1443854.2,1096947.0,1176612.5,1221823.9,970749.9,975577.0,918672.9,911062.7,903621.9,6333688.0,4146396.0,2137818.5,1930069.5,1762386.1,994159.8,996223.0,
1084,309.2060226474916,5.897045,,,,,,,,,,,369196.84,431961.12,318056.9,486319.84,347361.6,376332.4,480620.9,300407.5,351909.34,323039.0,302175.4,281893.6,2536116.5,1646340.8,683082.44,594135.4,550975.3,344352.56,323586.38,
1085,616.1802748456184,5.9028416,,,,,,,,,,,0,1110003.1,0,1782332.4,1407154.4,1465767.2,1435408.2,874648.3,1013956.0,1367847.8,0,0,0,0,399604.28,488137.88,562619.3,499154.1,484556.78,
1086,139.98349416339272,5.869771,,,,,,,,,,,740359.25,717896.1,743188.25,645845.6,544398.44,969680.44,651010.0,504992.78,714482.6,598874.7,629635.94,656792.44,555200.0,535091.7,596736.3,800744.7,553823.94,501463.53,0,
1087,244.26487470969573,5.914359,,,,,,,,,,,153019.97,1884206.9,880550.1,1833374.0,1412171.0,1608206.6,1066650.4,3870084.2,1271961.0,1744312.5,0,0,178766.14,0,1640217.1,1580052.6,1703730.9,1561164.5,1529345.4,
1088,288.254650324734,5.9096274,,,,,,,,,,,0,0,0,884659.7,218807.53,0,241898.1,238291.48,423201.47,291770.72,0,0,0,0,1192175.0,1420737.1,1416143.5,0,1176529.0,
1089,307.1898436481739,5.889532,,,,,,,,,,,238524.58,276469.44,167846.5,338630.16,228203.33,235395.64,298361.94,259992.45,218671.42,209788.94,205821.98,197263.3,2136587.2,1395875.8,498716.22,440927.1,391275.88,244610.48,221937.84,
1090,288.2548942759682,5.916733,,,,,,,,,,,0,369904.25,0,831978.8,218807.53,720907.7,241898.1,238291.48,417537.03,280934.3,0,0,0,0,1163678.0,1284980.6,271882.72,1163171.8,1159018.6,
1091,162.99919347954955,5.8975534,,,,,,,,,,,1779142.0,1423208.6,1627112.4,1379069.9,1232906.6,1468106.5,1559788.5,1222708.0,0,1251138.6,1445249.4,1585544.2,1314477.2,1105087.2,1170104.5,1721735.8,1256770.1,1204049.0,1460280.0,
1092,244.2647155328924,5.9149346,,,,,,,,,,,153019.97,0,943473.06,2052437.1,1454501.5,0,1140744.4,4015054.2,1379281.9,1813727.2,0,0,178766.14,0,1674501.9,1584590.2,1671465.9,0,1591031.9,
1093,237.18639462364425,5.928476,,,,,,,,,,,862110.9,925676.4,858023.06,0,889426.5,884336.5,969435.4,1002175.5,973236.2,889453.6,820843.3,868522.44,0,2009893.1,0,1118914.8,0,975106.06,899615.44,
1094,276.1951265409718,5.928476,,,,,,,,,,,1682651.5,1880076.4,1807849.0,0,1880019.9,1726764.1,2050839.2,1859321.2,1834947.4,1504189.0,1448398.8,1505293.4,0,4071438.0,0,2459773.5,0,1850797.8,1560205.1,
1095,272.2598711805754,5.9628663,,,,,,,,,,,877839.5,932823.2,882430.2,1021453.75,1250466.8,570791.3,798215.1,4859737.0,400203.47,561815.8,698719.44,766268.4,383561.1,281157.28,1209184.1,1212354.4,1230552.6,702722.1,667626.0,
1096,276.1949225518001,5.929325,,,,,,,,,,,1644818.0,2022982.9,1625125.9,1786991.2,1649107.2,1865955.1,1919322.9,1692549.4,1698910.0,1382026.9,1402078.0,1364422.9,4072580.8,3841938.8,2147676.0,2112445.8,1934478.2,1831549.0,1479066.5,
1097,237.1862227195235,5.9297843,,,,,,,,,,,844815.7,995009.2,826490.56,909903.3,849754.25,923272.06,958064.6,914637.1,896233.56,813349.8,784785.9,829985.4,2636977.2,1938488.1,1141569.1,1027055.75,1048747.4,966473.9,874240.1,
1098,254.2128411698409,5.9297843,,,,,,,,,,,4430134.5,5103912.0,4395394.5,4744955.5,4393899.0,4846160.0,4680470.0,4385557.0,4671218.0,4029005.0,4035000.0,4062868.2,1.3083933E7,9735445.0,5451696.0,5232632.5,5039872.0,4708054.5,4067113.8,
1099,254.2489181927226,5.930627,,,,,,,,,,,0,480926.66,0,374252.0,147815.48,296715.5,400617.2,2325404.5,251703.16,321464.16,0,0,0,153241.22,364385.25,364992.75,350866.06,382230.8,328976.1,
1100,254.21284505038184,5.934675,,,,,,,,,,,4478332.5,4750269.5,4667877.5,4853437.0,4588573.5,4511906.5,4795611.5,4856874.5,5104459.0,4294040.5,4136033.0,4488920.5,1.3469058E7,1.0013546E7,5896088.0,496198.88,5492409.5,4681030.5,4262864.0,
1101,227.17615470525803,5.9408875,,,,,,,,,,,0,0,0,0,0,0,0,0,0,0,0,0,349818.78,191294.02,195242.5,0,1076367.9,0,0,
1102,616.4665434953557,5.9526715,,,,,,,,,,,178264.83,223086.97,162269.2,252001.42,204129.44,198753.75,217744.64,152765.83,158834.47,130296.38,153379.95,121218.445,2331308.5,721654.2,419586.12,361579.72,283861.62,214756.98,152999.73,
1103,190.99423945060852,5.965963,,,,,,,,,,,1497273.0,1955319.9,2119565.5,1917069.0,1686040.4,1576011.5,2325515.5,1727228.9,2062179.0,0,1715235.5,2044190.1,1726779.6,1597071.4,1559206.1,2310307.8,1731903.1,1545997.9,1871561.4,
1104,317.1379166354272,5.9593806,,,,,,,,,,,761986.4,1358652.9,917372.0,0,1267640.0,1391793.1,1582666.0,1321403.4,1345746.1,1217563.9,0,137053.67,0,371051.1,0,1875407.5,0,1674195.6,1530654.9,
1105,277.14523937273265,5.969909,,,,,,,,,,,480102.0,853762.3,625354.2,0,808699.8,852707.3,968596.7,818012.1,869425.44,798717.94,0,0,0,203558.05,0,0,0,1053694.0,994422.8,
1106,381.312966092659,5.9691453,,,,,,,,,,,194081.69,421759.88,568115.6,665605.7,252067.72,360610.56,0,1471545.8,583790.06,295725.72,0,0,0,0,812609.8,859727.8,913089.56,904055.25,917045.6,
1107,272.25986727065964,5.987806,,,,,,,,,,,877839.5,1349558.4,882430.2,685466.75,1250466.8,1220540.0,1085796.2,5471941.0,932479.25,959706.3,698719.44,766268.4,2552682.5,1613979.4,1209184.1,732568.06,1230552.6,898955.7,998002.1,
1108,277.1449512897387,5.970697,,,,,,,,,,,470164.78,970728.94,557941.3,833644.9,759492.25,875793.0,943214.06,820662.56,819101.0,788969.8,0,0,288676.66,192491.06,1196214.5,1168020.2,1185375.8,1138451.2,925364.94,
1109,317.13768517163624,5.9671097,,,,,,,,,,,741599.1,1498916.2,831925.56,1389336.2,1249353.2,1403709.8,1563899.9,1318721.0,1230876.4,1172678.9,0,137053.67,290175.22,229373.27,1837776.4,1967608.1,1960665.0,1810931.4,1434642.9,
1110,200.23868311398692,5.9732957,,,,,,,,,,,517805.94,799328.9,524429.94,0,826195.4,823582.8,893753.06,866981.94,724455.94,733238.44,400263.06,409391.3,0,1466195.9,0,0,0,851955.56,678525.4,
1111,200.2384879768015,5.976188,,,,,,,,,,,495604.72,867168.56,488005.8,828245.06,787137.2,864022.44,873553.8,845642.3,672951.5,727002.5,399674.22,401621.25,2917142.0,1398317.8,1141378.4,1049475.2,983487.56,909016.8,676381.5,
1112,294.24438972532164,5.987937,,,,,,,,,,,0,1658166.6,0,573249.3,665967.8,727000.0,251912.58,214940.22,420694.06,916353.94,0,0,0,0,526792.06,501340.2,554054.56,452422.2,481721.88,
1113,162.99921339209408,5.995292,,,,,,,,,,,0,1385368.8,1534567.5,1346365.2,1232906.6,1098328.6,1502548.6,1235328.0,1587789.2,0,1310388.5,1585544.2,1314477.2,998204.25,1122635.5,1732667.9,1297409.4,1089846.5,1406467.2,
1114,190.99423337079057,5.995536,,,,,,,,,,,0,1981148.8,1965438.6,1917069.0,1686040.4,1568866.6,2039633.1,1640966.9,2062179.0,0,1715235.5,2044190.1,1611457.9,1597071.4,1559206.1,2439427.2,1731903.1,1670126.5,1973425.4,
1115,209.11862192797878,5.9993834,,,,,,,,,,,4402627.5,4338458.0,4832600.0,0,4654276.5,4529886.5,4886573.5,4583049.5,4560719.0,4198593.5,4213076.0,4966443.5,0,9107919.0,493636.8,0,0,4203026.0,4779768.0,
1116,237.11367130415937,5.9965477,,,,,,,,,,,3030378.8,3100928.5,3262708.2,0,3219288.5,3192393.0,3401102.5,3230244.0,3220143.2,2934587.2,2855447.5,3392308.5,0,6307079.5,0,0,0,2932035.2,3410142.8,
1117,255.1242772185507,5.998194,,,,,,,,,,,2725918.0,2763087.8,3011430.2,0,2903851.0,2849580.0,3021554.8,2832414.2,2804744.5,2704888.0,2595763.8,3034828.8,0,5396187.0,0,1413117.1,0,2612148.8,2820878.5,
1118,311.18706834485835,6.000516,,,,,,,,,,,1.5429447E7,1.5716924E7,1.7451128E7,0,1.6621356E7,1.6520861E7,1.8032534E7,1.6794386E7,1.6934106E7,1.5557024E7,1.5265165E7,1.7676956E7,0,3.20781E7,1459475.0,0,0,1.5416746E7,1.6576613E7,
1119,333.16910648421776,6.0007496,,,,,,,,,,,3023069.5,3249835.8,3366551.0,0,3459054.5,3438497.2,3699372.0,3308237.2,3160609.8,2895169.2,2819433.5,3394940.2,0,6967281.0,283705.06,1653559.0,0,3011801.0,3152491.2,
1120,356.2452385861478,5.9965477,,,,,,,,,,,1275977.0,859962.4,1675949.6,0,1097253.4,1174989.4,921796.75,1502540.2,1502363.6,1640008.9,1688847.4,1977398.6,0,1380112.4,0,0,0,1126749.2,1773212.0,
1121,272.2598685185114,5.9977584,,,,,,,,,,,768118.1,1393591.4,787671.8,1005503.75,1181377.8,1345733.4,1061703.1,975748.7,850020.8,928762.06,661850.1,681477.4,2501006.5,1456105.5,1147779.9,1137820.9,1174032.1,843552.44,911380.2,
1122,209.11847118400317,5.9986362,,,,,,,,,,,4264955.5,4256936.5,4428528.5,4683689.5,4355948.5,4920694.0,4734476.5,4385305.0,4284792.0,3977362.5,3978042.5,4413368.0,1.1757839E7,8485965.0,4687171.5,5017967.5,4777878.0,4018608.0,4368852.5,
1123,237.1134525405542,5.9986362,,,,,,,,,,,3006953.2,3093167.0,3001622.2,3293141.0,3056449.5,3472273.0,3231566.8,3099110.8,3003778.8,2770803.5,2769419.0,3026890.8,8519656.0,5972891.0,3328277.5,3466299.8,3484086.0,2801148.8,3044655.8,
1124,255.12409613439777,5.9986362,,,,,,,,,,,2677309.0,2738047.5,2824919.8,2894636.0,2737390.8,3016168.8,2952748.5,2722894.2,2641746.5,2494192.5,2496772.8,2688889.0,7584622.0,5207952.5,2932084.0,3171598.5,2992601.5,2514600.8,2659600.8,
1125,311.1868395072056,5.9986362,,,,,,,,,,,1.5483877E7,1.5880962E7,1.6455485E7,1.6866112E7,1.5980053E7,1.7232792E7,1.7170918E7,1.6067113E7,1.5668725E7,1.4692542E7,1.4615043E7,1.5856725E7,4.4707324E7,3.065755E7,1.7529832E7,1.860703E7,1.8224376E7,1.4942249E7,1.5524846E7,
1126,333.16891513038547,5.9986362,,,,,,,,,,,2981992.0,3276101.2,3078736.8,3508029.2,3177944.2,3785451.8,3572192.8,3109051.0,2973319.5,2673133.8,2639387.0,2958341.8,9998005.0,6732128.0,3473727.8,3849398.0,3602695.2,2932886.2,2914446.2,
1127,356.24490870649385,5.9986362,,,,,,,,,,,1269122.4,883065.5,1498019.0,884444.44,1013541.75,1252078.4,871230.56,1428254.9,1364706.2,1514296.6,1624544.5,1809687.8,1345870.9,1334357.4,674374.7,744583.1,821240.5,1094411.1,1647659.4,
1128,139.9835458057723,5.9941444,,,,,,,,,,,431758.25,602353.44,636516.6,567317.75,544398.44,426233.44,721673.56,504992.78,662369.7,0,537484.75,640033.4,539187.4,535091.7,488771.84,764901.5,565557.2,0,580421.8,
1129,349.14307423818104,5.9999924,,,,,,,,,,,917090.4,970504.3,868118.2,1045303.4,929416.0,1171298.9,1067742.1,969223.9,901483.8,794223.1,758610.8,827118.94,3626716.8,2432335.8,1103169.8,1135146.0,1135972.2,887430.4,841378.2,
1130,293.1760408935633,5.9988713,,,,,,,,,,,680516.6,697612.2,688047.7,728861.1,656561.6,0,705728.6,710173.7,637888.4,633278.8,632224.56,771680.75,1892887.6,1262157.0,712704.7,765112.2,774464.8,646190.5,685985.06,
1131,137.9883891167594,6.0048733,,,,,,,,,,,1075006.6,1243191.1,1156172.5,1203043.2,963978.06,877251.56,1431033.1,971705.5,1091942.1,722580.2,932562.8,1090497.1,2203126.5,1572069.1,1289261.8,1930660.1,1438278.1,874630.8,945788.1,
1132,288.2913396191231,6.0182467,,,,,,,,,,,203810.7,1996209.0,179906.84,242475.06,247448.53,219335.31,2140730.8,1.000451E7,201639.48,208399.3,168320.81,191103.34,0,354623.6,985999.75,923768.2,0,858284.8,981078.4,
1133,288.29123590120935,6.0205803,,,,,,,,,,,203810.7,2132524.5,179906.84,242475.06,247448.53,219335.31,1997390.0,9845995.0,201639.48,208399.3,168320.81,191103.34,416434.1,354623.6,929705.4,880834.6,958423.4,886327.44,889620.2,
1134,242.28576982488926,6.0260034,,,,,,,,,,,1347214.4,1485571.8,1158741.6,0,1420897.9,1083618.1,1351120.9,1272024.2,1183471.2,1139484.2,1525287.4,1644103.1,0,3579766.5,0,0,0,1242529.4,1094754.0,
1135,242.28554354303174,6.0292,,,,,,,,,,,1270228.0,1579747.0,1061802.4,1217651.0,1375717.5,1086651.4,1305521.2,1186671.6,1063731.8,1025086.06,1514564.6,1559538.9,6247485.5,3431943.2,2014610.6,1974573.1,1784910.9,1286990.5,1045570.1,
1136,244.26476704869276,6.031962,,,,,,,,,,,0,266162.0,0,0,0,0,253613.17,1257481.5,0,0,0,0,178766.14,0,191976.03,212273.64,201287.73,177876.61,211732.67,
1137,279.094823732258,6.0910845,,,,,,,,,,,647167.94,703207.8,575799.75,728513.44,668842.3,666743.94,691447.9,609266.44,592134.1,578090.44,602829.06,576653.3,1595031.9,1274871.2,742791.7,679358.7,707590.0,657737.6,578753.7,
1138,251.20193861912267,6.0785747,,,,,,,,,,,687440.25,826510.4,638056.9,953875.0,692946.8,774504.9,826363.56,584518.44,644182.6,619038.44,639836.44,627277.5,3601340.8,2543769.0,1184444.4,1132485.2,1066392.8,713884.8,647456.0,
1139,269.21257326356147,6.081685,,,,,,,,,,,1294439.2,1569339.9,1240019.6,1878563.0,1368712.2,1431222.5,1576861.0,1118936.5,1213543.5,1135901.8,1196860.5,1252455.0,6947258.0,3044334.0,2402453.8,2192781.5,2097216.0,1291235.4,1212324.1,
1140,349.23883669105953,6.088131,,,,,,,,,,,0,0,0,1559073.2,1316973.2,0,256303.19,391636.75,632106.06,1751732.6,0,0,0,0,1050950.1,1139606.0,1074120.6,0,1018456.06,
1141,269.2125908378883,6.0808196,,,,,,,,,,,1248347.4,1505678.2,1273468.2,1844733.1,1436450.9,1348545.8,1560799.1,1198319.0,1253885.4,1145350.9,1364501.6,1275244.8,7274084.5,5027239.5,2499954.0,1432410.0,2161743.0,1292732.9,1339597.4,
1142,389.23157560352405,6.089337,,,,,,,,,,,0,1290803.6,0,469940.2,370567.16,618745.6,0,0,188506.55,474514.0,0,0,0,0,326349.16,325089.88,312668.6,368615.62,347283.66,
1143,349.2391214129062,6.0887585,,,,,,,,,,,0,4317288.5,0,1630866.4,1315638.8,2049861.1,256303.19,372734.7,606123.5,1656686.0,0,0,0,0,958056.8,1089703.1,1035272.94,1019579.5,957225.94,
1144,258.28066158824225,6.0985866,,,,,,,,,,,0,871469.06,288835.34,638167.06,699773.94,658483.2,422342.22,1518876.1,362817.28,986633.5,0,0,250294.19,0,926424.8,836379.2,904290.0,875142.75,813807.8,
1145,267.1969184262914,6.0912347,,,,,,,,,,,467980.84,552933.5,432397.44,684018.8,618897.9,0,590634.1,469113.8,445228.03,422782.0,442042.72,419505.3,2956440.5,1989838.4,970167.44,844546.3,826966.75,511986.2,412054.72,
1146,214.25433766197162,6.1047664,,,,,,,,,,,1257464.4,1158892.6,721502.56,0,1078176.8,852179.0,1176962.5,1042169.5,884010.44,976073.9,942320.25,941827.56,0,1935560.2,0,2131561.8,0,1761265.8,1543011.6,
1147,214.25418629822963,6.1081986,,,,,,,,,,,1179812.5,1271018.0,660255.56,1098697.1,1023777.25,847969.06,1177393.0,1024260.1,828435.75,951033.8,900216.4,893425.0,3285633.8,1789047.5,2306148.5,2083586.9,1888275.6,1784513.4,1524453.4,
1148,309.2061332341768,6.1242337,,,,,,,,,,,295596.2,422979.0,314136.16,419899.88,479188.38,325546.53,396619.7,328467.53,343477.72,262966.56,288749.6,277618.3,0,1155822.6,464522.97,574081.8,383844.66,333810.1,307322.7,
1149,309.2059749115088,6.123661,,,,,,,,,,,282679.8,452825.84,309672.72,486220.06,440558.7,350737.28,390550.47,312057.34,334938.7,352272.38,263617.7,268064.9,1958477.8,1298302.2,569264.8,586623.6,494783.6,346511.44,275868.88,
1150,139.98360870915738,6.1043396,,,,,,,,,,,414870.88,610052.06,488572.7,567317.75,461716.44,426233.44,484417.6,438882.72,437739.16,440800.2,436959.22,515983.7,454686.12,0,466994.44,432872.9,494625.44,0,599589.2,
1151,162.99917493262103,6.124876,,,,,,,,,,,1053198.1,1470863.0,1267016.8,1346365.2,1222683.5,1112230.2,1248675.9,1081373.4,1101502.9,1208061.5,1190309.1,1263171.1,1160589.2,1186395.0,1122083.8,1211788.8,1192322.2,0,1527252.4,
1152,190.9941770180858,6.1206007,,,,,,,,,,,1394124.9,1927560.2,1773236.8,1917069.0,1692043.1,1568866.6,1672311.5,1485538.0,1500589.2,1572696.2,1665969.9,1713182.8,1522258.9,0,1559206.1,1626650.5,1688532.9,0,2197601.0,
1153,252.2336113983661,6.146811,,,,,,,,,,,2503804.5,3306297.8,2896130.8,4079961.0,3669088.2,3678294.5,3516357.2,3234588.0,3317487.8,3332476.8,0,0,0,0,2976425.0,2974558.8,3111273.5,2759271.5,2904896.0,
1154,252.23343987786737,6.146954,,,,,,,,,,,2492398.5,0,3014084.5,4134890.0,3730842.5,0,3500442.5,3157481.0,3275148.5,3382845.5,0,0,0,0,2926469.0,3026554.0,3072359.2,0,2855455.2,
1155,292.22614411157025,6.153459,,,,,,,,,,,861398.44,0,832461.94,1130515.5,1074319.2,0,1054382.1,947323.0,1052812.0,1074219.5,0,0,0,0,804519.7,909270.75,856537.06,0,838112.06,
1156,239.20183131239665,6.155763,,,,,,,,,,,478133.16,408330.22,396186.94,482323.06,481643.47,477610.6,414039.1,408366.2,433114.7,413946.78,394948.47,370824.66,2191255.2,1499989.5,540243.94,527002.7,497269.66,440325.56,426884.94,
1157,235.13435940453073,6.159991,,,,,,,,,,,1443928.2,1228159.5,1328213.5,0,1265866.6,1317882.1,1181504.8,1196392.0,1244529.8,1201350.1,1200383.6,987008.3,0,2276860.0,0,1453106.6,0,1309810.8,1333245.0,
1158,614.4500327656509,6.1613564,,,,,,,,,,,0,0,0,151541.45,0,0,132544.61,0,0,0,0,0,1504644.0,399794.9,211956.42,178375.47,155621.42,0,0,
1159,292.2264968051105,6.160574,,,,,,,,,,,804453.94,912563.4,785857.1,393931.9,1104537.0,1118926.2,1042352.8,940733.44,974488.94,1044214.5,0,0,0,0,883231.56,900003.3,880135.0,853396.5,820781.1,
1160,235.13419282147552,6.1625633,,,,,,,,,,,1408181.6,1359228.5,1317677.2,1231745.0,1210469.2,1335410.8,1131760.2,1098267.9,1217602.4,1164823.8,1166889.2,966333.0,3293019.5,2194824.2,1285424.5,1350591.2,1344343.0,1363883.5,1301381.2,
1161,283.19183560288025,6.165726,,,,,,,,,,,553671.1,607667.06,544780.0,650354.1,548344.25,590330.25,598834.56,528174.56,586656.44,525417.7,515408.06,472227.53,2565150.8,1463220.5,666205.8,643472.0,647014.9,636229.5,535972.44,
1162,275.2021262365511,6.1931233,,,,,,,,,,,0,1458151.2,0,702934.75,664592.7,761861.7,325559.3,254190.88,387485.7,603836.44,0,0,117070.23,0,377517.88,410583.6,471875.78,422717.88,395486.56,
1163,288.2913834219016,6.191607,,,,,,,,,,,0,2063419.6,0,328362.0,0,287785.62,3084027.8,870819.6,0,0,0,0,0,187406.61,0,598988.9,0,582249.9,610045.25,
1164,230.24931978417519,6.193199,,,,,,,,,,,821761.75,972648.4,771177.75,736683.0,920807.9,1466915.9,1006122.6,950973.5,768500.75,740783.3,745880.4,665605.44,0,2498404.5,0,532245.7,0,961748.1,937375.94,
1165,349.2387944447458,6.195506,,,,,,,,,,,0,0,0,2109261.8,1926288.2,0,222067.3,356368.62,990202.6,1770547.0,0,0,0,0,1105070.0,1295081.9,1196510.6,0,1261118.6,
1166,389.23153780454476,6.1955676,,,,,,,,,,,0,3641089.8,0,1348763.8,1179458.0,1510278.6,0,220758.56,545034.6,1094393.9,0,0,0,0,678461.4,650755.44,775205.1,855160.56,720470.75,
1167,349.23907780070215,6.19607,,,,,,,,,,,0,4980824.5,0,2085917.2,1756749.8,2269600.2,222067.3,356368.62,919160.06,1676242.9,0,0,0,0,1069567.1,1169227.0,1253527.9,1225012.0,1129825.8,
1168,367.24975802128483,6.1955676,,,,,,,,,,,0,4630726.0,0,2048290.5,1621497.4,2085338.2,0,339880.2,802429.56,1560887.0,0,0,0,0,1085108.1,1099274.2,1225060.1,1075271.4,1053618.0,
1169,230.249203554337,6.1948647,,,,,,,,,,,754896.25,1039667.56,730207.75,924312.56,890058.44,1521546.9,958888.5,886088.75,726778.4,695071.9,721629.1,648187.75,6653502.0,2423108.8,1668152.1,1300034.8,1220385.4,1018135.56,941143.3,
1170,288.2911485045466,6.195353,,,,,,,,,,,0,2144705.2,0,328362.0,0,287785.62,2948510.0,806492.44,0,0,0,0,285072.38,187406.61,624000.1,559093.9,616423.0,636775.3,577460.8,
1171,267.19692546370965,6.19928,,,,,,,,,,,413413.72,535540.25,429039.7,547393.3,470651.12,490171.6,532567.2,469113.8,402999.3,356481.56,377453.2,378765.47,2546952.8,1761835.2,814950.7,756582.44,683666.5,438418.72,407473.34,
1172,329.2818402391987,6.2218366,,,,,,,,,,,0,0,0,0,0,0,0,889470.25,0,0,0,0,0,0,0,0,0,0,0,
1173,276.23376587379596,6.2416277,,,,,,,,,,,603659.75,1062572.2,756436.1,1090246.5,937297.25,1132900.1,980879.7,1000145.4,1031440.9,943086.9,0,0,0,0,867584.44,826793.94,828419.3,750633.0,846244.25,
1174,276.2336277514699,6.2404146,,,,,,,,,,,672060.44,0,813024.8,1059869.0,948729.7,0,967382.6,1052466.4,1126310.5,958217.1,0,0,0,0,880896.1,858241.06,779796.4,679669.0,896058.06,
1175,307.18972779128376,6.2703304,,,,,,,,,,,203607.45,230588.42,205943.5,246040.47,224238.53,0,205894.66,172087.67,179224.6,190709.75,176635.7,169402.78,1130145.1,695249.5,394363.97,323576.88,281391.12,209247.97,187537.42,
1176,250.11991408744092,6.266344,,,,,,,,,,,5.7479276E7,5.5966084E7,6.0548316E7,4.2390824E7,6.4950332E7,6.27228E7,4.8669748E7,6.502178E7,294033.2,4.148937E7,6.2515724E7,6.803751E7,0,8.676214E7,232250.27,6.247742E7,6.1056268E7,5.56627E7,3.0946828E7,
1177,190.9941883090635,6.2407575,,,,,,,,,,,1394124.9,1707503.2,2089976.4,1583012.4,1398402.5,1526997.1,1727100.8,1593543.5,1529714.1,1572696.2,1665969.9,1713182.8,1367392.5,0,1544783.6,1611759.2,1539035.8,1339504.6,2086842.6,
1178,249.14980967366347,6.254279,,,,,,,,,,,317647.6,0,284760.6,329417.4,373840.22,0,338225.1,311015.2,323814.28,312447.25,314964.7,289034.44,1435831.8,572321.3,389033.1,317902.94,323468.88,0,295732.22,
1179,209.15495428538608,6.2725873,,,,,,,,,,,1383555.4,1736180.4,1621429.6,0,1484739.1,1653579.4,1580707.0,1501292.4,1607312.1,1699798.1,430507.22,1471068.9,0,2817423.8,0,0,0,1491827.9,1537532.2,
1180,170.0570421404361,6.272488,,,,,,,,,,,6929884.0,7191416.5,7852046.0,5279913.0,8291079.5,7916053.0,6347701.5,8538845.0,8154971.5,5466619.0,8070387.5,8954492.0,0,1.0976882E7,6880450.5,8020351.5,7214939.5,7418408.5,3966851.8,
1181,137.98836527351529,6.272602,,,,,,,,,,,1057693.1,1369265.5,1424103.9,1363308.1,1271841.9,1150036.2,1077438.8,868313.75,1082068.0,836723.3,1054584.1,972084.06,2034955.1,1964622.6,1460938.0,1762882.4,1512160.2,1016788.9,936439.8,
1182,208.07300844470245,6.2730045,,,,,,,,,,,1733095.1,1732485.5,1890514.1,0,2066694.4,1917268.4,1519727.9,1988951.4,1957542.4,1325503.6,0,2149828.8,0,2553344.2,0,0,0,1746781.6,950440.7,
1183,209.15477909899764,6.272184,,,,,,,,,,,1447748.1,1834345.2,1610537.6,1659658.9,1538627.0,1778305.2,1595013.6,1504759.5,1501311.2,1639003.9,1468862.8,1485857.2,2876568.2,2612818.0,1744149.8,1712234.6,1676272.5,1550939.0,1426870.9,
1184,208.0727919111849,6.27392,,,,,,,,,,,1714764.0,1877384.6,1797540.9,1202654.9,2036063.1,2100016.2,1444982.8,1930717.8,1767492.9,1320660.4,1917295.9,2109019.2,3128539.8,2531698.8,1562114.8,1815667.9,1809832.0,1820396.6,882606.9,
1185,250.11986950755082,6.274361,,,,,,,,,,,5.6689764E7,5.8275156E7,5.875638E7,4.0469796E7,6.516211E7,6.6375052E7,4.7906344E7,6.3361636E7,5.8888024E7,4.131035E7,6.2935092E7,6.6471548E7,1.00600104E8,8.500173E7,5.326671E7,5.9618716E7,6.067294E7,5.8398524E7,2.9668776E7,
1186,170.0570173568395,6.2748036,,,,,,,,,,,6907568.5,7649132.5,7643429.5,5045222.5,8347754.0,8455918.0,6182637.5,8163192.0,7574674.5,5451236.5,8140312.5,8620586.0,1.2708624E7,1.0751374E7,6743498.5,7487321.5,7525081.0,7125693.0,3723707.8,
1187,162.99912925391325,6.2738223,,,,,,,,,,,982806.5,0,1471702.5,1101800.4,1086020.6,1112230.2,958349.1,1140178.9,1134694.9,1113884.8,1263618.6,1190988.8,907706.56,0,1109929.8,1300573.2,1142614.1,0,1527252.4,
1188,256.22862617323506,6.293175,,,,,,,,,,,2466800.8,2452035.0,2298642.5,0,2535674.5,2363199.8,2603684.8,2499721.5,2390012.8,2340982.5,2224109.2,2158738.8,0,3696497.0,0,0,0,2415519.8,2486639.2,
1189,267.19692712647657,6.285815,,,,,,,,,,,405154.62,487627.06,390944.4,566361.44,462515.7,424337.28,451930.16,379965.62,356259.38,362071.78,361745.78,354254.1,2219409.0,1569278.8,870461.8,711317.1,611209.1,438418.72,364568.3,
1190,227.98411350513152,6.273614,,,,,,,,,,,1157464.8,1338234.1,1395865.1,1341266.5,1133778.4,1264622.1,1371942.9,1092959.5,1209727.2,0,1206612.0,1135004.2,1523898.9,1586859.6,1349771.8,1560376.8,1370802.6,1163773.0,1305294.9,
1191,139.98365043374272,6.269934,,,,,,,,,,,346782.56,406506.88,544504.0,421077.53,436099.56,388084.16,308810.62,368859.12,421460.0,259117.78,435004.72,460442.28,305720.38,359017.03,417310.22,460963.2,415204.94,346628.06,599589.2,
1192,256.22841202008186,6.292534,,,,,,,,,,,2425258.5,2461818.5,2308120.8,2689005.8,2518958.0,2485860.2,2549582.5,2522460.8,2335667.5,2387139.5,2218890.0,2160942.0,4504690.5,3563933.0,2617364.5,2402148.5,2475072.5,2529782.0,2312255.8,
1193,396.34921002224377,6.3136563,,,,,,,,,,,0,903326.0,213109.39,1221949.5,231532.38,1303592.5,0,299676.97,335736.75,441441.84,0,0,0,0,336274.75,375189.2,349714.2,342510.6,367908.53,
1194,396.3488755779526,6.314881,,,,,,,,,,,0,0,213109.39,1086490.4,231532.38,0,0,299676.97,335736.75,460918.5,0,0,0,0,336274.75,349567.6,335699.62,0,367908.53,
1195,269.2128791722767,6.344106,,,,,,,,,,,1431715.8,1668372.1,1450474.8,0,1710926.9,1388156.4,1670406.1,1350976.1,1388570.1,1309604.0,0,1159422.1,0,5157214.5,0,0,0,1275216.2,1394215.4,
1196,251.20187335784667,6.3457904,,,,,,,,,,,867487.44,955592.1,782145.06,1315988.4,1002867.3,781871.6,960385.75,790491.9,769482.5,723440.25,721428.9,655245.0,2924687.8,2884407.2,1842241.8,1462446.8,1249692.5,734440.94,746869.4,
1197,269.2125952767694,6.3448753,,,,,,,,,,,1414496.9,1766003.4,1348524.4,2087531.8,1542142.1,1653541.4,1643547.1,1314770.8,1257536.9,1199078.6,1222279.5,1134544.9,5341787.0,4810115.5,3030141.8,2428310.2,2283474.5,1287905.4,1294196.9,
1198,295.1923052295841,6.3472204,,,,,,,,,,,799910.3,778590.06,916297.4,0,1024969.75,731077.44,782437.0,803587.7,774374.1,750155.75,806588.2,721452.4,0,1377238.0,0,0,0,719352.7,862837.4,
1199,295.1920514277081,6.348967,,,,,,,,,,,772737.0,887517.3,830828.2,874935.0,849500.5,785534.44,727446.4,758608.3,729377.94,703711.3,744024.6,709241.5,1677602.1,1354746.5,827368.56,880285.25,856121.0,713698.0,749666.8,
1200,190.99412702667664,6.3245206,,,,,,,,,,,1418929.5,1619726.6,2216042.5,1536254.5,1398402.5,0,1359729.4,0,1525667.0,1340741.9,1665422.8,1478278.1,1367392.5,0,1269866.0,1650918.6,1539035.8,996557.7,1632162.0,
1201,249.14994574756096,6.36082,,,,,,,,,,,454020.66,454129.78,432922.6,499281.56,405793.47,496858.8,410666.94,408393.9,417033.03,418193.03,397543.47,376762.8,2161305.0,853741.44,480359.53,470068.6,448309.53,457717.38,413804.94,
1202,251.201822174976,6.3596406,,,,,,,,,,,822625.8,1010271.9,420192.7,1201644.1,881479.8,919899.44,927286.6,526391.25,720003.25,693959.75,672893.56,312191.9,2793307.8,2526399.2,1642897.0,1322513.4,1234997.4,717138.1,459091.75,
1203,674.5085499412678,6.3605614,,,,,,,,,,,185535.66,228812.44,172942.22,245214.77,193914.56,202953.45,222323.33,174462.78,158520.11,156243.03,142454.75,145457.47,1708403.4,632986.5,360057.34,339699.5,287428.9,198449.77,148541.25,
1204,316.2863324924824,6.34709,,,,,,,,,,,184293.44,738886.06,193294.28,1108303.1,806262.56,809646.06,731187.44,661097.6,748471.25,891032.56,184523.77,163094.73,0,210542.95,330891.1,385136.06,381623.06,390544.44,384681.6,
1205,297.2443517954229,6.3797483,,,,,,,,,,,888409.2,765889.4,979452.4,0,824366.0,877566.5,783535.75,888431.2,936034.94,978016.2,561405.06,906289.56,0,1023119.75,0,0,0,902930.3,1025475.5,
1206,297.24408417283587,6.375946,,,,,,,,,,,898630.7,797165.56,941758.75,733542.56,825333.3,884662.6,752475.25,897342.4,866374.1,964564.9,943372.9,899553.0,1219499.5,996409.9,578278.56,679533.8,653997.5,915127.3,984013.5,
1207,270.24423655528295,6.378031,,,,,,,,,,,583108.56,739406.9,635002.3,828442.9,804235.3,837600.06,861143.8,760582.25,705678.44,772466.75,0,0,286414.03,238859.06,758533.75,746014.8,733116.8,659628.94,640571.7,
1208,235.1341753059934,6.3773084,,,,,,,,,,,640182.9,660027.2,640584.9,679544.94,689121.5,662261.7,770122.9,726161.1,608257.3,643234.94,712843.0,788667.75,794661.75,1185158.4,764465.6,775655.3,690917.4,671998.06,631868.2,
1209,215.0827485648506,6.3378353,,,,,,,,,,,165962.67,0,0,207867.0,193536.8,0,236495.12,0,0,0,0,0,4632694.0,480474.44,319500.84,265104.62,267051.28,0,105892.58,
1210,333.2053246727511,6.4029083,,,,,,,,,,,0,1412154.2,0,674591.56,1158207.9,861749.0,442488.97,373464.16,456484.06,1385716.9,0,0,231181.47,177707.27,377279.97,377018.12,429368.3,427638.97,407935.62,
1211,415.213540488462,6.402058,,,,,,,,,,,5409097.5,7795379.5,7200833.0,9101511.0,8946544.0,7858975.0,9803723.0,7248626.5,8109016.5,8408764.0,0,0,0,0,7382409.5,7642585.5,7096462.5,6593419.5,6089219.0,
1212,453.1701358072024,6.4031897,,,,,,,,,,,894673.2,1269634.0,1114350.6,1579527.8,1478973.6,1330044.2,1643071.8,1164145.6,1331854.8,1266927.9,0,0,0,0,1218751.2,1235174.1,1198903.4,1110223.1,953854.1,
1213,460.2719213218435,6.4026303,,,,,,,,,,,3075463.5,3481679.8,4888624.0,3596160.2,4032466.5,4075198.5,4332007.0,4514686.5,5235096.5,5925876.0,0,0,0,0,2533448.5,2773326.8,2920691.2,3662023.2,4491501.5,
1214,432.240653954091,6.403193,,,,,,,,,,,1759227.0,2785751.5,2522795.2,3335532.5,2999634.0,2688313.5,3449735.2,2602193.2,2876334.0,2765955.0,0,0,0,0,2573177.8,2678459.0,2689041.5,2312001.0,2051656.0,
1215,437.1961416622236,6.403753,,,,,,,,,,,890060.44,1432925.4,1160235.8,1654721.1,1548431.4,1427650.9,1753044.5,1199643.6,1392731.5,1336909.5,0,0,0,0,1274529.1,1332678.9,1277278.6,1153032.0,989293.94,
1216,415.2133447662117,6.4024506,,,,,,,,,,,5807368.5,0,7645979.5,9241305.0,9739105.0,0,1.0515443E7,7594752.5,8550017.0,9242337.0,0,0,0,0,6924295.0,7195277.5,7029399.5,7064567.0,6549639.0,
1217,432.2403356591297,6.4034805,,,,,,,,,,,1939718.0,0,2723880.8,3262021.8,3170686.2,0,3644222.5,2837793.5,3122417.5,3002091.5,0,0,0,0,2483527.2,2609539.2,2613384.8,0,2120884.0,
1218,437.19593320225914,6.4031115,,,,,,,,,,,969054.7,0,1203203.1,1707303.9,1723419.5,0,1787378.1,1205484.5,1450128.1,1485623.5,0,0,0,0,1198635.1,1296104.8,1260905.9,1186526.5,1088086.5,
1219,453.16981180635,6.4027653,,,,,,,,,,,946376.4,0,1160010.4,1524111.9,1613338.1,0,1772112.0,1193806.6,1446482.9,1389317.1,0,0,0,0,1151067.5,1213334.6,1211354.2,0,1003465.3,
1220,460.2718026885929,6.4023232,,,,,,,,,,,3225390.5,0,5259702.5,3629985.0,4324405.0,4259287.0,4680153.5,4736759.0,5648953.0,6467889.0,0,0,0,0,2377009.8,2560188.0,2820791.2,3885735.5,4929225.5,
1221,268.2287201099015,6.411194,,,,,,,,,,,1816462.5,2082073.1,1853802.9,0,2175017.8,2142024.5,2076584.4,2155259.5,2120789.0,2267412.0,1421205.4,1480653.4,0,2100579.8,0,0,0,1781883.2,1870749.1,
1222,333.20572940854106,6.4103155,,,,,,,,,,,0,1312422.2,0,0,1210088.1,815411.25,492293.66,388650.47,458674.97,1376513.0,0,0,0,179280.56,0,0,0,384246.44,436068.88,
1223,268.22846022924386,6.413984,,,,,,,,,,,1738683.2,2154639.5,1763680.5,2123794.2,2095075.0,2237149.0,1962598.2,2101636.5,1996866.4,2130944.5,1339314.9,1349247.0,2179087.5,1917962.8,1633243.5,1640083.9,1841865.0,1908835.1,1791925.2,
1224,207.13933635530518,6.418767,,,,,,,,,,,1595615.4,1500602.6,1491786.2,0,1318951.0,1495067.6,1590579.2,1467678.6,1298002.5,1353895.6,1352507.5,1370601.6,0,2621368.5,0,1494183.2,0,1326206.6,1524658.9,
1225,207.1391914536148,6.4203033,,,,,,,,,,,1538170.8,1572249.1,1405977.5,1591973.4,1301940.0,1554021.1,1455382.0,1280497.5,1244246.9,1272962.5,1274164.2,1319006.8,2476419.5,2490379.0,1536961.8,1417091.1,1447041.2,1451819.8,1368857.8,
1226,265.18149938739555,6.4223204,,,,,,,,,,,2185880.5,2166452.0,2083411.1,0,2002420.2,2205928.5,2217843.8,2207566.8,2118108.8,1773013.9,1879421.6,2010720.4,0,3924121.8,0,0,0,1925608.9,2429664.8,
1227,265.18127301342463,6.4244065,,,,,,,,,,,2067401.0,2339898.2,2037088.8,2465456.2,1990001.4,2275397.2,2265279.5,1898605.8,1915138.1,1708506.9,1841317.0,1891213.9,4181518.5,3738413.2,2340450.5,2292246.2,1926556.5,1939355.4,2172575.2,
1228,251.12983773809088,6.438025,,,,,,,,,,,1205868.2,1319769.9,1087777.1,1151437.5,1219575.0,1293627.9,1228226.8,1090601.2,1105760.8,1070735.1,1126039.8,1165452.6,1394678.4,1586103.1,1345752.9,1166658.4,1106779.2,1220325.8,1087997.5,
1229,586.4180353743848,6.4484177,,,,,,,,,,,0,0,0,0,0,0,0,0,0,0,0,0,1122151.1,277928.88,146573.95,124413.516,0,0,0,
1230,271.1342300975844,6.4442263,,,,,,,,,,,1616582.2,1573222.9,1587867.6,1649468.0,1680898.1,1571315.1,1614557.8,1422845.4,1597939.9,1530573.6,1654455.5,1701871.9,0,2438864.8,0,1541993.8,0,1583129.1,1528124.5,
1231,271.13399475814475,6.4462066,,,,,,,,,,,1564738.4,1640878.1,1506853.0,1595985.8,1556963.8,1645006.9,1596071.5,1442363.5,1499843.4,1441624.6,1585442.8,1611400.8,2747657.2,2367595.5,1503153.9,1540625.9,1522636.8,1657644.8,1442179.8,
1232,306.2576011596269,6.450792,,,,,,,,,,,3542254.5,3395434.5,3552994.0,0,3711329.5,3262643.5,3853210.8,3120265.5,3646582.0,3178077.2,3600111.0,3464518.2,0,7319294.5,0,0,0,3544794.2,3279585.2,
1233,139.98378996298848,6.422231,,,,,,,,,,,338696.66,287227.6,341473.28,411674.5,277211.47,342923.78,336137.12,284369.84,298781.28,277763.25,335299.53,282256.75,289937.3,288936.75,361490.7,0,312874.12,304830.44,428502.34,
1234,306.2573378364903,6.4551845,,,,,,,,,,,3332711.0,3635210.5,3388030.2,3872880.0,3619755.0,3382692.2,3502994.2,3032000.2,3318717.5,3191794.2,3307398.0,3282943.2,8822478.0,7054942.5,4512415.0,4079734.0,3932545.8,3776364.2,3210588.2,
1235,137.9883724606312,6.446216,,,,,,,,,,,915330.1,923202.56,799559.7,1361546.4,842492.4,916040.3,1250736.4,729323.3,867167.7,564747.3,780904.9,649627.56,1654382.4,1508184.4,1535803.4,1515074.1,1122317.8,999851.06,876578.56,
1236,395.36488976026993,6.477521,,,,,,,,,,,1.6279431E7,1.5227233E7,1.6643824E7,1726330.9,1.5854316E7,1.4893619E7,1.6481674E7,1.74962E7,1.5441574E7,1.6780976E7,1.6666971E7,1.7448526E7,1314202.2,2.4447516E7,1809524.4,2508759.8,0,1.5232896E7,0,
1237,417.34776809966485,6.4722857,,,,,,,,,,,1442017.1,1424042.9,1629419.8,0,1433950.5,1385967.8,1638948.0,1643818.5,1337547.5,1477222.5,1530756.2,1463371.6,0,2087900.1,0,0,0,1401398.5,1349128.4,
1238,395.364751581191,6.472342,,,,,,,,,,,1.5835678E7,1.6658399E7,1.6124164E7,1.5278849E7,1.5591171E7,1.5367036E7,1.557041E7,1.6529226E7,1.5008312E7,1.5892876E7,1.6181023E7,1.7073848E7,2.4976874E7,2.3246496E7,1.5232098E7,1.6621733E7,1.5188263E7,1.6264814E7,1.5747622E7,
1239,417.3474101228653,6.4732375,,,,,,,,,,,1407453.1,1585278.0,1471816.8,1383568.9,1425341.9,1427874.2,1539049.5,1529087.5,1332852.9,1361410.9,1433825.2,1458302.8,1722748.9,2000539.9,1453567.4,1613899.2,1430622.2,1477282.1,1341362.5,
1240,278.2493981025265,6.500495,,,,,,,,,,,870976.25,1112157.5,1012355.56,7338164.5,1127540.1,1182329.1,1281495.0,1124700.1,1165319.5,1143825.2,0,0,0,0,5345361.0,5729315.5,5491314.5,1030053.44,975510.56,
1241,278.24924725354515,6.5300493,,,,,,,,,,,4837212.5,0,5433414.0,1288516.0,6421572.0,0,7340064.5,6181573.0,5914164.5,5942982.5,0,0,0,0,1032930.2,1056987.5,982968.06,5509493.0,4930407.0,
1242,244.1558836222326,6.4952197,,,,,,,,,,,1282807.1,1308208.5,1100477.4,0,1417756.4,1262317.0,1580571.0,1211823.5,1281774.5,1137390.6,1162003.8,1044252.94,0,2519792.2,0,710513.3,0,1209109.5,1095295.1,
1243,249.11126640229168,6.4968586,,,,,,,,,,,1254124.8,1219133.9,1018857.44,358573.25,1329330.2,1301350.5,1614155.1,1184974.5,1230494.5,1067590.0,1144273.0,913542.6,0,1866553.0,0,746208.2,0,1214503.8,1012747.0,
1244,141.09189596865696,6.494885,,,,,,,,,,,1434728.2,1608717.5,1309699.1,1864089.6,1602740.5,1596153.2,1929559.6,1349605.9,1416924.1,1239450.4,1392184.8,1207128.2,3996969.0,3195798.8,2107219.2,2169175.8,1924705.6,1509882.6,1190968.1,
1245,244.15570669855688,6.4948874,,,,,,,,,,,1216638.5,1383501.5,1101632.5,1543077.2,1310888.9,1295016.1,1512217.1,1121820.9,1188626.6,1034888.75,1137756.2,989584.75,3584755.0,2618878.2,1686422.0,1712191.6,1687810.8,1289747.9,989779.0,
1246,249.11113033367712,6.4948845,,,,,,,,,,,1173977.8,1272174.5,1025849.25,1493808.0,1251709.4,1286266.0,1520356.2,1082924.4,1167484.1,976352.1,1169980.5,924384.3,1982269.6,1914097.1,1478144.4,1678364.0,1570696.2,1206391.0,912503.94,
1247,227.1290347637854,6.4953446,,,,,,,,,,,698436.25,720133.7,588895.25,815798.6,725657.8,702456.3,850749.5,618571.6,666539.75,591041.7,668133.4,526937.44,1777567.6,1369816.0,924524.7,904730.25,882488.0,707194.25,547241.75,
1248,190.99420380943656,6.493654,,,,,,,,,,,0,1308851.1,0,1455452.9,1215398.8,1294407.0,1637962.4,0,1212362.8,982449.56,1548046.5,1256478.4,979988.1,1279224.2,1506593.2,1556569.1,1321281.1,1421208.0,0,
1249,261.22284691636224,6.523097,,,,,,,,,,,852911.5,242946.9,1009890.44,1317249.0,257315.95,1205607.0,275845.22,239018.3,273371.47,258307.98,0,0,0,0,936813.0,994799.5,1047933.7,977018.56,969404.94,
1250,227.98428558983036,6.529541,,,,,,,,,,,1166320.1,1324714.5,1338494.6,0,1196389.6,1217667.6,1455323.0,1027926.8,0,890956.06,1049500.5,999468.56,0,0,1118421.8,0,0,1254438.5,1196774.9,
1251,275.20215118201367,6.5256095,,,,,,,,,,,0,782640.6,0,888387.94,568817.94,842719.44,321853.56,827402.8,832818.8,491173.53,0,0,0,0,353048.88,310179.44,422202.12,297657.3,380565.28,
1252,314.21070025692416,6.5190473,,,,,,,,,,,0,1209899.8,0,1384526.2,841365.94,1244392.6,409986.5,1217503.2,1264619.2,654280.7,0,0,0,0,448389.62,425759.88,559298.1,412612.28,480656.97,
1253,292.2281913684488,6.520384,,,,,,,,,,,0,2233121.5,0,2613166.8,1779508.8,2439463.0,834788.2,2249505.0,2407864.0,1383257.5,0,0,0,0,997121.8,862796.1,1033180.9,872892.7,1059948.6,
1254,292.22775423432296,6.51398,,,,,,,,,,,198688.02,488151.47,222911.84,2497160.8,1825859.0,412375.47,921439.94,2410873.0,2480882.2,1116718.4,0,0,0,0,932666.0,861320.1,976951.9,501852.44,1013904.56,
1255,409.34464952658533,6.567943,,,,,,,,,,,200013.84,315357.5,344657.9,484261.62,188091.92,310056.94,0,1428935.4,528716.5,228983.25,0,0,0,0,340681.12,385450.75,399609.9,341217.53,427076.94,
1256,261.22285371731687,6.554298,,,,,,,,,,,828292.6,1077523.6,954509.2,1399438.2,1133433.6,1166118.9,1220287.2,1114773.4,1048735.4,1109223.5,0,0,0,0,936813.0,1024142.06,1365321.9,912589.7,903942.8,
1257,278.24937660653046,6.5543194,,,,,,,,,,,4615464.5,5808311.5,5129200.0,7338164.5,6020488.5,6439114.0,6808410.5,5891256.5,5617352.5,5738224.0,0,0,0,0,5345361.0,5729315.5,7153587.0,5082838.5,4722045.0,
1258,318.2420837296662,6.54977,,,,,,,,,,,1832535.8,2709390.8,1930066.0,2775335.8,2614876.2,2726275.2,2779723.5,2452184.5,2274297.8,2352343.0,0,0,0,0,2172649.2,2064899.8,2278125.5,2198952.8,2011550.4,
1259,318.2419020740591,6.600387,,,,,,,,,,,1793640.9,0,3099821.8,2765296.2,3573368.2,0,2958508.8,2597543.0,3397056.5,3070630.5,0,0,0,0,2109522.2,2829609.8,2135339.5,2608711.2,3063688.2,
1260,278.249226019521,6.6143236,,,,,,,,,,,6403876.0,0,7597862.0,1.0528466E7,9001663.0,0,7340064.5,6181573.0,8797025.0,8036733.5,0,0,0,0,5022267.0,7864895.5,5290432.0,6911404.5,7583315.5,
1261,672.4922786482522,6.5635977,,,,,,,,,,,0,0,0,167963.06,125978.42,0,155425.06,0,0,0,0,0,1225380.8,431372.56,232347.56,197382.02,199121.44,0,0,
1262,288.25495054063316,6.5666156,,,,,,,,,,,1307495.8,1189977.0,1148454.9,0,1220053.5,1377689.5,1408326.0,1320461.9,1191244.1,1208634.0,1153761.9,1200248.1,0,2096975.1,0,1146779.0,0,1258742.9,1132936.4,
1263,288.25476960135063,6.5682616,,,,,,,,,,,1246771.8,1265513.6,1085439.1,1427245.4,1199127.0,1476756.0,1340307.6,1254886.4,1111888.4,1174345.8,1105347.0,1122157.5,2476675.2,1978976.1,1534670.6,1408709.2,1408004.6,1314662.6,1091123.2,
1264,213.1496641977485,6.5744567,,,,,,,,,,,0,1546401.0,0,1911352.8,1527362.8,1571829.1,1645287.4,1297536.5,1352242.6,1607281.2,0,0,0,0,0,809329.5,885885.4,778312.06,757079.8,
1265,181.12347484640162,6.575638,,,,,,,,,,,0,845357.06,0,909048.9,789028.44,879684.4,818088.9,670650.44,729896.9,821252.9,0,0,0,0,350380.94,432852.28,523921.1,399652.78,383375.88,
1266,213.14809920787934,6.5923595,,,,,,,,,,,166691.47,0,171608.95,1008966.1,273497.25,187638.3,1510945.6,1216055.0,241042.86,179069.45,156494.14,140751.02,0,264262.56,674857.4,809329.5,885885.4,220810.64,689227.4,
1267,314.2104018244534,6.537581,,,,,,,,,,,0,0,0,1262785.6,837719.4,0,445588.62,1304884.8,1294915.5,717999.4,0,0,0,0,521162.88,355086.5,373577.78,0,504350.25,
1268,213.14750628527324,6.5997853,,,,,,,,,,,166691.47,152392.58,171608.95,1713913.4,0,0,215858.47,163872.06,157432.9,153292.6,156494.14,140751.02,233386.89,264262.56,630060.2,786023.4,852488.3,190027.27,206200.05,
1269,190.9941934804981,6.5906973,,,,,,,,,,,1375391.9,1422484.8,1732420.6,1450581.8,1227407.9,1294407.0,1454949.0,1131410.2,1172874.1,982449.56,1209898.4,1256478.4,1323520.6,928148.2,1194226.4,1606592.5,1336076.9,1482338.1,0,
1270,694.4050070748937,6.597603,,,,,,,,,,,0,597372.4,0,1832389.0,1313144.5,965545.4,1062712.4,923315.0,1067600.1,743542.7,0,0,0,0,468380.4,446489.72,488717.0,407595.53,451063.8,
1271,694.4046233212171,6.5968113,,,,,,,,,,,0,0,0,1739206.0,1393618.2,0,1107040.2,992756.75,1153985.6,768113.75,0,0,0,0,427974.0,488319.25,466505.7,434424.78,509420.75,
1272,268.2650316607262,6.6001787,,,,,,,,,,,2426962.5,3071696.8,2180772.5,3016482.8,2846985.5,2761928.2,3163930.8,2672683.5,2391997.8,2326569.5,1991286.1,1946885.0,0,6449240.5,0,0,0,2514165.5,2036078.9,
1273,371.3286788736576,6.5996375,,,,,,,,,,,3308169.5,3776373.0,2952525.2,3917906.8,3946391.5,3636980.5,4081197.2,3367608.2,3204950.8,3005892.5,2606743.2,2529810.0,0,8688692.0,0,3598445.8,0,3144840.5,2683582.5,
1274,162.9991768365218,6.5821953,,,,,,,,,,,947614.3,1106702.1,1156508.1,1099852.9,844094.06,850313.06,1071152.1,784921.06,897137.1,685936.2,831197.44,882560.2,788703.5,638668.5,858274.9,1089911.5,916987.1,966086.25,927918.6,
1275,268.26486171596946,6.6015487,,,,,,,,,,,2516392.5,3124703.2,2147300.8,3221288.5,2728814.0,2924673.2,2926348.0,2511107.5,2281400.0,2128846.8,1897279.6,1913675.1,9901200.0,6197212.5,3946442.2,3730655.5,3380215.0,2629229.5,1961466.0,
1276,371.3284909666083,6.6015563,,,,,,,,,,,3248575.0,3869862.0,2789526.2,4104475.5,3594689.8,3828013.8,3815736.5,3181142.5,3046731.8,2743724.0,2557396.5,2499155.2,1.2699894E7,8159788.0,5118887.0,4761046.5,4429050.0,3170822.8,2544051.0,
1277,292.2287474192071,6.5780416,,,,,,,,,,,0,1984277.0,0,0,1162662.0,1671152.9,921439.94,2410873.0,1503065.5,1160749.4,0,0,0,0,0,0,0,675435.1,1059948.6,
1278,314.21064916307944,6.5804014,,,,,,,,,,,0,1158983.4,0,1068820.4,624677.3,784996.9,445588.62,801472.1,715515.3,527625.94,0,0,0,0,521162.88,377440.28,559298.1,373049.5,504350.25,
1279,128.9516312732652,6.6184545,,,,,,,,,,,1155389.1,1305821.1,1393650.0,1427261.1,0,0,1447849.6,1040676.5,1127559.4,919999.8,1010184.56,1033678.44,1465772.9,1330400.5,1421982.6,1558895.5,1366086.6,1222248.8,1097290.1,
1280,169.97836171163206,6.6196623,,,,,,,,,,,2357529.8,3040807.0,2636576.5,3157228.5,0,2674874.2,2976463.0,2390967.8,2271380.8,2134807.5,2206588.5,2258158.5,3464981.2,2628991.8,2724933.2,3008874.8,2791568.8,2320198.5,2376572.5,
1281,199.98901144441925,6.6087203,,,,,,,,,,,5790429.5,6835605.5,6701138.5,7581857.0,0,5879037.0,6941315.0,5275165.0,5275746.5,4741392.0,5113801.0,5055797.5,7659860.5,6034013.0,6955845.0,8108322.5,6961225.0,5932331.5,5432385.5,
1282,227.98406646216426,6.623987,,,,,,,,,,,1132013.1,1376531.6,1354125.5,1537165.1,0,1158987.5,1455323.0,1027926.8,990371.94,931393.7,1004330.56,1028537.0,1597760.8,1162989.2,1376385.9,1571902.4,1418905.0,1207996.0,1072837.6,
1283,302.3069768314795,6.6208005,,,,,,,,,,,605567.1,6220719.0,475132.7,6060539.0,1070246.1,2.1875864E7,7249367.0,1733133.5,4078660.2,2256727.0,516166.72,480701.25,0,1186777.6,3015112.5,3041766.8,0,2667269.8,2618205.8,
1284,139.98383505510654,6.6244226,,,,,,,,,,,266029.03,330364.38,356646.34,284952.22,0,237999.36,362082.56,236983.25,206655.0,212191.53,249734.08,277652.12,280818.2,197719.73,246239.81,309788.88,292710.78,0,290973.66,
1285,170.0974622304474,6.6227956,,,,,,,,,,,697774.56,811405.2,807670.94,1019090.4,625347.9,750714.94,762625.4,465492.84,558033.7,431339.78,586664.56,544940.9,5645700.0,1618059.0,1007970.94,1221955.9,957546.7,689089.75,618735.9,
1286,409.344551345028,6.6131396,,,,,,,,,,,200013.84,303613.47,429345.8,525007.75,188091.92,310056.94,0,1554704.9,581130.5,288476.4,0,0,0,0,341516.6,382791.0,370816.53,442960.38,427076.94,
1287,278.2492884241765,6.632106,,,,,,,,,,,6206852.0,9996201.0,7346740.0,7046658.0,8632220.0,9687420.0,8964839.0,8987504.0,8891278.0,8212201.5,0,0,170054.45,0,7374611.0,5464454.5,7153587.0,6860732.5,7368327.5,
1288,292.22779779806666,6.635308,,,,,,,,,,,254988.73,503567.66,0,2079047.6,398290.75,481762.12,579306.2,1446363.2,432687.5,392381.2,0,0,0,0,679299.7,705540.3,717235.25,330839.94,694220.06,
1289,302.3068765129999,6.6300254,,,,,,,,,,,580065.3,6568666.5,475132.7,5818433.0,1060145.8,2.3053806E7,6699277.0,1592961.6,3818022.8,348027.97,502264.94,450723.7,2360851.8,1142233.8,2831433.0,2822109.2,2973593.2,2836769.2,2475699.2,
1290,318.2420517333265,6.63664,,,,,,,,,,,2694758.5,4066420.0,2939719.5,3766296.0,3586105.2,4223700.0,3568172.5,3677626.2,3521838.5,3223552.2,0,0,0,0,3051840.2,2158027.8,3010156.0,2581501.5,2898278.5,
1291,332.1510262228624,6.6408744,,,,,,,,,,,1035683.25,1076087.0,1066867.2,1254570.2,1118611.2,1055635.6,1127878.2,1045277.6,1071577.4,996536.1,913514.25,927470.3,0,2108001.2,0,0,0,1043117.6,1007621.4,
1292,337.1063614913112,6.6437855,,,,,,,,,,,1.0333577E7,1.0605448E7,9398638.0,0,1.0054035E7,1.0086996E7,1.0742534E7,1.00005E7,8849899.0,8150848.0,8471774.0,8843821.0,0,1.8259356E7,0,1508851.1,0,9163758.0,9579698.0,
1293,261.22280819166787,6.64795,,,,,,,,,,,1202719.0,1874480.5,1382027.9,1993410.2,1668611.4,1764390.9,1649870.9,1769709.1,1676998.2,1611980.5,0,0,0,0,1370013.8,1425123.0,1365321.9,1263402.9,1419677.5,
1294,332.150805636546,6.6429753,,,,,,,,,,,1012958.25,1119123.5,991133.44,1174958.2,1084546.6,1154330.6,1087517.9,1007775.94,1025256.2,951607.4,885016.75,884128.25,2637145.8,2012373.0,1231651.2,1240538.8,1152986.9,1101774.2,986126.75,
1295,337.1061382716002,6.642976,,,,,,,,,,,9751073.0,1.1316303E7,9163813.0,9908480.0,9871400.0,1.0948593E7,1.0063948E7,9397893.0,9035036.0,8154478.5,8403884.0,8204414.5,1.9294132E7,1.719486E7,1.0845256E7,1.0908703E7,1.11176E7,9508653.0,9170348.0,
1296,353.0802362871439,6.642983,,,,,,,,,,,988145.4,1046842.56,904298.6,920149.25,952995.8,1093694.1,971658.1,920922.4,885345.9,838342.1,896374.75,824975.3,2050508.4,1816624.1,1062267.6,1050486.2,1023179.7,893821.06,917745.8,
1297,261.2226809991605,6.6492767,,,,,,,,,,,1275395.2,0,1393528.0,1762837.5,1739653.6,0,1693591.2,1890833.0,1805765.9,1612420.2,0,0,0,0,1271600.8,1396412.9,1301012.2,1306205.0,1463041.2,
1298,318.2418913412525,6.6439342,,,,,,,,,,,2830908.8,0,3099821.8,3444831.0,3573368.2,0,3548979.8,4001937.8,3397056.5,3070630.5,0,0,0,0,2743609.5,2737005.2,2939304.5,2608711.2,3063688.2,
1299,360.1821219987329,6.6438637,,,,,,,,,,,785584.3,684656.6,835994.44,521453.88,669673.4,815459.6,582186.25,858849.9,833888.75,890361.7,1038417.7,1027370.06,613517.4,815293.1,500382.9,548298.94,572765.75,755721.3,997106.06,
1300,278.2491519995774,6.6511197,,,,,,,,,,,6403876.0,0,7597862.0,1.0528466E7,9001663.0,0,9200517.0,9623108.0,8853327.0,8036733.5,0,0,170054.45,0,6909999.5,7723432.0,7225090.0,6911404.5,7583315.5,
1301,149.0606689824857,6.6456585,,,,,,,,,,,5391173.5,6148980.5,4981172.5,5455083.5,5489287.0,5986485.0,5557863.0,5827647.5,4823754.5,4793597.5,4726062.0,4746482.5,1.4213066E7,1.03499E7,6896124.0,6430609.5,6029156.0,5205643.0,5348956.5,
1302,376.1773736485227,6.6546493,,,,,,,,,,,1202805.1,1170084.2,1139386.6,0,1208277.9,1273503.1,1403350.8,1232503.4,1203078.1,1077102.8,1159447.5,1113203.5,0,2375300.0,0,1305614.0,0,1154844.4,1133261.1,
1303,381.13278276832034,6.653707,,,,,,,,,,,1647914.6,1584152.9,1498181.5,0,1563778.1,1575846.0,1813568.6,1650314.8,1440022.5,1420322.2,1522626.1,1495928.9,0,3119017.5,0,0,0,1509463.6,1500687.6,
1304,376.1771289994271,6.655989,,,,,,,,,,,1151667.9,1270763.8,1046610.4,1205915.6,1164946.0,1359653.9,1298612.0,1186371.5,1158235.9,1060303.5,1093585.8,1070848.1,3076434.8,2282071.2,1403811.1,1259548.5,1339604.2,1207538.2,1073339.2,
1305,381.1324743046748,6.6559887,,,,,,,,,,,1557885.6,1615847.2,1423954.9,1791469.6,1512773.4,1612115.4,1747992.1,1516770.1,1399402.5,1360114.9,1431527.1,1452754.6,3544596.5,2957537.8,1896309.6,1867565.5,1836940.6,1609455.8,1434636.1,
1306,190.99411147287427,6.6374726,,,,,,,,,,,1249718.8,1551721.4,1751084.8,1439298.5,1227407.9,0,1161810.6,1131410.2,1172874.1,964888.3,1259381.6,1335430.1,1163704.0,928148.2,1174835.4,1394019.1,1336076.9,1296201.5,1246928.2,
1307,258.2808814690771,6.6632004,,,,,,,,,,,240215.02,1744800.5,194984.9,0,436924.1,3513083.8,1145607.1,770857.6,1656163.6,1547433.5,0,0,0,292459.06,0,0,0,1132237.9,1259063.8,
1308,476.28006211657487,6.666047,,,,,,,,,,,0,335376.88,0,1300793.8,1338804.4,858213.75,1585211.1,1302672.8,959235.4,715664.6,0,0,0,0,335176.4,402593.2,390735.28,359326.53,446894.8,
1309,258.28061983873096,6.667912,,,,,,,,,,,240215.02,1728544.9,194984.9,4225440.0,433072.16,3622612.2,1037348.9,797438.2,1529681.0,1510537.0,0,0,439140.16,286998.7,1124371.8,1088738.2,1222691.0,1181587.6,1121733.2,
1310,293.21240716988996,6.695828,,,,,,,,,,,311116.8,1.7251414E7,298619.28,8426706.0,9947354.0,0,4025982.8,162547.69,5893980.0,148960.56,0,0,315950.88,260994.72,4487156.0,4955579.0,4709952.0,5431019.0,4499391.0,
1311,295.19182534070734,6.6831727,,,,,,,,,,,0,0,0,1555684.0,1903625.6,0,1996246.5,1410806.1,1389695.9,1611410.8,0,0,0,0,541207.2,526056.75,624627.06,0,603632.2,
1312,318.3022924245985,6.680587,,,,,,,,,,,0,5981583.5,0,0,2729966.5,1.68711E7,1898349.5,1472411.0,3327904.0,2365909.8,0,0,0,0,0,0,0,2057091.9,1993624.5,
1313,277.1813002713063,6.6832223,,,,,,,,,,,0,1034498.3,0,1384127.2,1296378.0,919540.25,1385129.5,1035592.2,1041326.5,1194627.0,0,0,0,0,481341.1,482678.0,535907.3,442169.22,440988.66,
1314,295.19208877211776,6.6832223,,,,,,,,,,,0,1299164.4,0,1730615.0,1791463.4,1277768.0,1907079.1,1365434.2,1350228.0,1550482.0,0,0,0,0,556316.06,547260.4,692919.5,594156.3,583950.25,
1315,318.3018832051226,6.684939,,,,,,,,,,,0,6361204.0,0,7463003.5,2558118.0,1.8093114E7,1790871.4,1425966.5,3113588.8,2309737.0,0,0,559512.56,0,1897560.1,1961599.5,2180322.8,2231533.8,1884176.9,
1316,518.3269841958166,6.699542,,,,,,,,,,,252661.67,937297.0,327787.56,4583765.5,4372166.0,2970255.2,4798570.5,4452014.5,3304854.2,1901744.4,0,0,0,0,1231308.9,1213160.2,1391237.4,1421545.4,1384249.0,
1317,293.21250228066623,6.702275,,,,,,,,,,,280382.06,1.6157679E7,287334.2,9043127.0,9575360.0,9326744.0,3798598.2,3344761.5,5766637.5,1.3128121E7,0,0,315950.88,260994.72,4817296.5,5234569.0,5054681.0,5008122.5,153118.95,
1318,269.21249052999156,6.700352,,,,,,,,,,,397026.8,500483.75,330689.8,564456.2,476918.16,414017.1,518314.62,375564.66,358370.5,345933.94,338353.97,342338.16,910077.06,1011610.7,724127.4,688033.8,652459.56,466357.03,361359.84,
1319,318.2418647719185,6.661642,,,,,,,,,,,2830908.8,0,3099821.8,2371995.0,3573368.2,0,3548979.8,4001937.8,3397056.5,3070630.5,0,0,0,0,1435809.6,2829609.8,1625710.1,2608711.2,1400882.0,
1320,518.3267150585448,6.6988115,,,,,,,,,,,252661.67,0,327787.56,4198862.0,4748475.5,0,5018601.5,4600482.5,3426546.5,2001932.2,0,0,0,0,1153861.0,1279802.1,1306498.0,1564651.9,1324740.1,
1321,275.20187467251424,6.7089324,,,,,,,,,,,0,0,136739.81,4053784.2,4821780.0,0,1999321.6,1878488.6,2676103.0,6949944.0,0,0,0,0,2169159.0,2521091.5,2249407.0,0,2257817.5,
1322,275.2021408162392,6.70832,,,,,,,,,,,0,7829628.0,136739.81,4338343.0,4726697.5,4424560.0,1857022.6,1687217.9,2653989.5,6404493.0,0,0,0,0,2371735.5,2398615.5,2384295.8,2367907.2,1744463.5,
1323,315.19486859468356,6.7087154,,,,,,,,,,,0,6064290.5,0,2555809.2,3160299.0,2780182.0,982991.8,847870.7,1495255.6,4512101.5,0,0,0,0,1200860.8,1234529.0,1365617.5,1311620.9,0,
1324,338.27062217546836,6.7080307,,,,,,,,,,,0,681612.5,0,357124.6,518986.4,481534.84,212835.02,277843.97,468054.66,957130.0,0,0,0,0,0,206365.38,241848.3,308560.62,0,
1325,315.19448982656473,6.709722,,,,,,,,,,,0,0,0,2405330.0,3274566.8,0,1069097.2,995727.3,1548115.5,4922577.5,0,0,0,0,1117636.2,1296392.9,1239441.6,0,1142090.8,
1326,318.2420821927943,6.6818438,,,,,,,,,,,2830908.8,2408605.5,3099821.8,3766296.0,2147906.5,2392676.2,1891085.1,1781411.6,2100052.5,2126359.8,0,0,0,0,3051840.2,2829609.8,3010156.0,1667634.8,3063688.2,
1327,278.2493008515076,6.701924,,,,,,,,,,,4360690.0,8330385.0,5407248.0,9649868.0,7001432.0,8949171.0,6954056.5,7480010.5,8059266.0,6970044.0,0,0,170054.45,0,7374611.0,6367765.5,7153587.0,6070841.0,7583315.5,
1328,261.2228217949835,6.7036943,,,,,,,,,,,803516.4,1544696.9,971863.06,1993410.2,1342900.6,1669207.2,1302965.2,1413916.2,1597832.4,1281020.2,0,0,0,0,1370013.8,1425123.0,1365321.9,1132342.1,1463041.2,
1329,261.22259183259496,6.685482,,,,,,,,,,,1275395.2,0,1393528.0,1805424.4,1739653.6,0,1693591.2,1890833.0,1805765.9,1612420.2,0,0,0,0,1086309.4,1154526.0,1162815.5,0,1077118.8,
1330,278.2490483573435,6.678164,,,,,,,,,,,6403876.0,0,7597862.0,9398393.0,9001663.0,0,9200517.0,9623108.0,8853327.0,8036733.5,0,0,170054.45,0,5830884.0,7864895.5,6193582.0,0,5687382.5,
1331,332.20531016184617,6.748517,,,,,,,,,,,920128.8,1031936.3,848475.44,0,1003809.25,960915.6,942181.25,865976.1,942668.06,882561.06,450934.88,869619.2,0,1747470.1,213420.34,0,0,958466.56,379873.44,
1332,332.20478376082593,6.746057,,,,,,,,,,,872228.5,0,830478.44,1044821.1,1003809.25,0,944549.2,865976.1,942668.06,882561.06,827639.0,830500.75,2027979.9,1686222.8,1014818.7,1053689.9,1138817.8,1027904.25,838338.9,
1333,295.2286837144749,6.7536554,,,,,,,,,,,739455.7,1103859.9,779281.1,307492.34,980650.94,917019.94,960760.5,832592.6,780103.75,863004.94,0,703252.56,0,1463277.6,0,322811.84,0,804373.5,790994.56,
1334,295.22839702915826,6.757648,,,,,,,,,,,764816.75,1104270.6,756642.8,995580.25,942252.3,885036.94,945222.25,783982.9,779351.6,831207.2,672908.0,692656.6,1706644.2,1444415.2,931537.06,1020494.25,957505.3,802743.25,755883.1,
1335,335.2212072990555,6.755353,,,,,,,,,,,358255.03,859787.25,328483.44,0,575368.56,503997.1,496092.8,400039.2,424918.1,710355.7,294123.53,318292.66,0,627215.0,0,0,0,423922.12,451082.97,
1336,139.9840342914206,6.7674346,,,,,,,,,,,241232.64,198680.4,248182.67,0,0,237999.36,0,192359.64,238312.88,147713.19,241701.2,0,0,170359.31,237254.75,245781.3,203401.72,194429.19,223365.92,
1337,392.35398068615393,6.793259,,,,,,,,,,,0,810846.0,343623.25,344525.22,762445.06,683908.56,277076.56,265738.03,626476.2,776950.75,0,0,0,0,375756.8,381144.47,441087.94,353139.44,338408.22,
1338,277.21803692561167,6.8116093,,,,,,,,,,,233469.52,2198636.0,249979.67,0,886113.5,983355.7,522330.0,496925.16,705151.06,1282063.4,0,0,0,151878.48,0,0,0,673793.8,642864.75,
1339,294.2445664795525,6.811649,,,,,,,,,,,764962.75,9338708.0,734638.3,0,3810619.8,4047230.0,2118340.0,1889811.1,2892855.5,5737656.0,172792.45,179044.14,0,324556.6,0,0,0,2616174.2,2490366.8,
1340,316.2262496323166,6.812159,,,,,,,,,,,338790.34,0,327543.03,1212386.4,1719836.9,0,967943.9,837592.44,1281634.6,2237243.0,0,0,0,0,1186430.9,1187667.9,1258574.0,0,1064274.4,
1341,316.2264718483985,6.8106465,,,,,,,,,,,284446.56,4628284.5,313209.47,1119641.0,1610614.6,1792344.2,892369.0,829239.7,1157466.1,2142728.0,0,0,0,0,1112258.0,1262130.2,1310711.4,1273457.0,1016613.25,
1342,294.2443306402791,6.8130646,,,,,,,,,,,680058.2,9724608.0,715089.06,2522464.8,3602386.8,4222395.0,1963585.1,1825008.0,2665513.5,5472785.5,172792.45,179044.14,324526.53,293803.12,2513214.5,2640510.0,2655732.5,2768993.2,2425887.8,
1343,296.2601990650176,6.81871,,,,,,,,,,,1310618.6,1734293.8,1446672.5,1818469.8,1574849.4,1712891.9,1961813.0,1666489.6,1624212.1,1622155.6,0,0,0,0,1566864.4,1666811.0,1554941.1,1404631.2,1356243.1,
1344,277.21777339070286,6.818928,,,,,,,,,,,218717.02,2233125.8,171525.9,609408.0,838798.1,1010615.06,492988.12,495783.2,643535.4,1225341.6,0,0,169015.39,151878.48,630217.4,646644.2,639837.3,710379.94,612360.7,
1345,162.99922923247462,6.8126264,,,,,,,,,,,925501.8,702277.94,834179.0,747750.44,802592.7,723619.7,603456.6,660383.6,888044.2,591897.2,817180.8,0,713688.7,553573.4,718289.94,827411.06,0,852040.94,646479.3,
1346,267.1968936017091,6.833131,,,,,,,,,,,277508.84,395689.03,290614.53,469004.06,341213.62,317642.16,406615.88,271241.4,292500.22,268206.56,274685.84,293216.34,1476244.5,1141476.2,609811.9,572435.94,526509.0,348308.84,258526.12,
1347,518.327155456775,6.8476872,,,,,,,,,,,0,299500.0,0,1383196.1,1344996.6,1105994.0,1656565.5,1504744.9,1344619.8,547352.56,0,0,0,0,376792.6,438416.9,445159.03,429405.97,428240.25,
1348,518.3276911011491,6.8489585,,,,,,,,,,,0,299500.0,0,0,1352806.2,965639.56,1801530.9,1618356.6,1452153.1,574988.7,0,0,0,0,0,0,0,449988.44,444358.8,
1349,190.99417096203487,6.822794,,,,,,,,,,,1250995.1,1101868.0,1264520.2,1127193.6,1192112.6,1030223.8,852417.25,900759.0,0,862327.9,1143086.1,1195161.2,984944.25,766653.44,1107464.0,1322206.4,1001273.06,1281887.2,902753.56,
1350,139.9840962817633,6.837637,,,,,,,,,,,182863.23,198680.4,248182.67,195959.62,190491.72,185899.72,173676.83,157003.94,163889.38,147713.19,215700.19,194111.0,171320.92,170359.31,192038.36,245781.3,198788.84,216293.55,144256.83,
1351,278.24930624251886,6.8672566,,,,,,,,,,,757516.44,0,911504.6,1866203.8,1453663.4,0,1248765.5,1470779.8,1589398.4,1472398.1,0,0,0,0,1159933.6,1297619.9,1225173.5,1261535.6,1126672.0,
1352,270.24422619412184,6.8703203,,,,,,,,,,,503619.9,589974.5,518065.75,735336.44,630175.25,661869.25,734930.4,588983.56,626843.1,651073.4,0,0,204503.5,199314.25,620735.06,616407.7,603891.44,563932.4,513951.72,
1353,278.24943920397953,6.8686376,,,,,,,,,,,707473.2,1813678.4,881731.2,2033025.5,1375646.8,1700181.2,1204923.1,1426309.4,1490640.9,1410575.4,0,0,0,0,1240714.4,1206439.5,1302991.5,1230595.0,1073836.5,
1354,228.26976985140288,6.8851767,,,,,,,,,,,0,0,0,216137.86,177599.7,0,181961.81,187253.58,172228.67,159566.44,0,0,1118589.1,418233.12,330027.97,235045.11,225299.66,191548.81,170842.92,
1355,280.2649958848632,6.9452357,,,,,,,,,,,2794383.5,3915190.2,3546750.0,4557004.0,3495638.5,4325074.5,4225368.5,4103808.2,3869244.0,3858616.2,0,0,227009.06,212034.38,3444417.2,3904966.8,3681544.5,3612013.0,3060247.2,
1356,320.25787344251245,6.949028,,,,,,,,,,,1044875.1,1382569.9,1254622.0,2082684.4,1784720.9,1614908.1,1582435.1,1499152.8,1461428.4,1620441.0,0,0,0,0,1361787.1,1241284.1,1206798.9,1274102.4,1305696.4,
1357,280.2652708479657,6.9452896,,,,,,,,,,,3073686.5,3892870.5,3584659.0,0,3535231.8,4199647.5,4279765.0,4112680.2,3929198.8,3967250.8,0,0,0,212034.38,0,0,0,3438181.8,3054370.5,
1358,320.2577094895474,6.951327,,,,,,,,,,,1119228.5,0,1315687.4,1858271.6,1794207.9,0,1785034.4,1584851.6,1621513.1,1710276.8,0,0,0,0,1302048.9,1256119.8,1200020.1,1425663.5,1413652.1,
1359,269.21251699094773,6.968775,,,,,,,,,,,372070.8,434980.03,338700.97,512683.25,424957.16,406680.0,491911.94,338742.7,314672.7,303115.66,293911.2,256873.77,1090526.4,882447.7,640259.44,570652.5,529714.8,395179.44,304513.56,
1360,445.34268043159796,6.9542236,,,,,,,,,,,0,192839.86,238142.86,368542.25,0,189892.8,0,921176.06,391629.38,159230.08,0,0,0,0,239521.62,255948.22,216210.98,246700.0,276768.34,
1361,296.26004963206117,6.9533224,,,,,,,,,,,988766.0,0,1050429.8,1352808.9,1241678.8,0,1264383.0,1146581.2,1174706.0,1251565.5,0,0,0,0,1055742.9,1046539.4,1010173.4,1026229.94,959482.06,
1362,300.29132762404015,6.951468,,,,,,,,,,,544940.2,843316.9,525168.94,761047.3,799912.3,734560.44,759595.8,593891.75,545870.9,561339.8,439471.38,417245.38,2407716.8,1245642.0,909008.7,756458.4,733046.94,668254.6,593930.3,
1363,296.2602097356742,6.9524865,,,,,,,,,,,890369.4,1118833.4,988775.0,1483723.8,1166491.9,1137859.8,1184199.5,1148511.0,1139398.1,1172230.0,0,0,0,0,1130145.0,1032157.75,1054082.4,947040.8,916384.9,
1364,343.1332089818731,6.9607377,,,,,,,,,,,1186926.6,1106784.5,1201121.8,1105912.8,1001789.44,1110852.4,1257585.6,1271075.8,1173746.2,1087538.1,1125088.9,1298221.5,1507732.0,1575370.0,1051715.4,1071586.4,1043004.2,1148828.0,1164903.4,
1365,452.1450633675609,6.9584446,,,,,,,,,,,531675.5,554361.25,583507.7,639443.94,496081.97,611111.25,639744.56,539623.4,560359.5,461428.34,421697.34,497334.5,1208429.6,1056128.9,719119.0,754084.56,705374.3,661827.44,456463.25,
1366,480.14024157881056,6.9620705,,,,,,,,,,,567438.3,662247.94,625207.56,656991.9,520717.25,663239.56,648370.94,559733.25,576140.25,500741.72,462027.34,558827.44,1304433.9,1086863.6,745622.44,850699.1,777570.56,669728.6,507640.25,
1367,343.13337919522587,6.965308,,,,,,,,,,,1177043.9,1101830.8,1215423.0,848465.4,1063519.5,1112042.5,1257020.1,1282213.9,1226164.6,1181637.2,1209736.8,1369594.9,0,1640647.4,0,1129406.4,0,1119941.0,1191415.6,
1368,423.36044757666707,6.962011,,,,,,,,,,,315148.16,484580.56,553784.06,920198.94,230085.98,430058.06,0,2255395.0,964104.7,335468.62,0,0,294820.94,177453.06,669257.4,628321.5,628688.75,595009.8,665548.06,
1369,227.98434854709782,6.9936547,,,,,,,,,,,1077123.9,1055131.2,1126893.1,0,990008.1,1056622.1,1103408.4,989207.6,1078036.8,922901.06,0,1018534.9,0,1152676.0,0,0,0,1223849.8,989816.9,
1370,478.1694398187034,6.9683647,,,,,,,,,,,585230.56,688450.5,684188.8,737039.06,602747.6,756572.94,712181.8,622605.5,672967.8,573154.5,504449.6,569463.3,1458125.6,1371491.9,803343.8,1007918.1,827925.7,720488.2,546323.94,
1371,190.99419251797056,6.9662285,,,,,,,,,,,987298.44,934823.06,1082382.4,941544.5,787415.94,944413.25,891164.2,876284.1,1126551.2,897464.4,883320.9,1030743.1,984944.25,765878.2,979185.7,1175926.1,946854.0,1281887.2,958984.25,
1372,325.20287947079856,6.9787517,,,,,,,,,,,2405745.8,2432583.8,2214201.0,0,2545705.2,2258756.8,2663290.0,2475634.5,2204699.2,2264368.8,1975339.4,2231577.8,0,4605113.0,0,0,0,2391948.2,2205663.8,
1373,209.11847821839882,6.9801316,,,,,,,,,,,655633.7,761959.2,596453.0,653132.5,649481.94,622844.1,674436.75,640291.1,625479.75,597648.75,576709.25,578390.4,1244815.8,1088340.8,722167.8,691538.94,665504.56,663394.06,606333.3,
1374,325.2026050424054,6.9810486,,,,,,,,,,,2334351.8,2556442.5,2104353.2,2452075.8,2327681.0,2287814.2,2474652.5,2383813.5,2187947.0,2142188.2,2135060.8,2142375.2,4732086.0,4310352.0,2585355.0,2538432.8,2579743.0,2526493.0,2147429.8,
1375,351.25481833343326,6.99976,,,,,,,,,,,0,942572.94,0,411585.94,541403.44,747155.3,183078.19,216550.98,362035.75,865114.75,0,0,0,0,305349.34,368319.84,328018.78,319322.88,271538.3,
1376,295.22850934120237,6.9995065,,,,,,,,,,,430575.66,640842.06,417766.1,1192452.0,967151.56,0,748780.75,1083765.5,1077401.0,1008328.3,408901.66,380063.44,703374.6,606714.1,753064.0,716798.6,741985.1,734259.8,718118.4,
1377,295.22884618201795,6.9993305,,,,,,,,,,,447228.78,1297675.4,420891.8,1204287.8,1029243.1,1226145.1,706040.6,1086901.2,1064375.1,979379.44,0,0,0,611462.06,798751.0,698477.3,803124.9,757896.1,760722.8,
1378,316.226431654349,7.002742,,,,,,,,,,,177656.58,1.7280598E7,192360.06,1.660372E7,1.0504921E7,1.5081675E7,5429133.0,1.2418036E7,1.2304081E7,9695159.0,0,0,0,0,6393112.0,6185563.0,7470782.0,6373332.5,5571501.5,
1379,249.22247851014566,7.0037727,,,,,,,,,,,0,0,0,1755590.6,1278391.6,0,677212.7,1564430.2,1531518.5,1320657.1,0,0,0,0,735756.3,744782.44,796616.06,0,756259.7,
1380,316.22627695584384,7.002807,,,,,,,,,,,177656.58,0,192360.06,1.5769398E7,1.1615275E7,0,5595036.0,1.2302867E7,1.3875112E7,1.0112496E7,0,0,0,0,6110553.0,6076225.5,6642372.5,7260464.0,5935757.5,
1381,332.1999839248475,7.0020814,,,,,,,,,,,0,0,0,2498350.2,1858364.8,0,940299.5,2203930.8,2226934.0,1641460.8,0,0,0,0,1062483.2,971467.94,1102362.0,0,1002110.1,
1382,339.3023053430877,7.002344,,,,,,,,,,,0,0,0,3483094.2,2867499.0,0,1354073.8,4200715.5,4377965.0,3624587.2,0,0,0,0,1249025.5,1313978.0,1395807.0,1936597.9,2309665.8,
1383,249.2226977846964,7.0036283,,,,,,,,,,,0,1995134.4,0,1805741.9,1208144.9,1779250.0,663626.44,1544418.9,1532948.2,1208791.5,0,0,0,0,752611.0,793232.06,848779.8,775384.75,711329.3,
1384,339.30249919398284,7.0036283,,,,,,,,,,,0,4129161.0,0,3612584.2,2765559.2,3828140.5,1349327.0,4123720.0,4253027.0,3418776.5,0,0,0,0,1322693.5,1362143.8,1463167.8,1751613.9,2118474.2,
1385,277.21787481869774,7.000646,,,,,,,,,,,216897.47,1.2574845E7,260381.92,0,8616218.0,1.1110926E7,4376161.5,1.026709E7,9625574.0,7841143.5,136702.12,127918.87,0,237312.28,0,316267.2,0,4808383.0,4697112.0,
1386,294.24458980798556,7.0035205,,,,,,,,,,,503338.03,4.0669216E7,567721.9,0,2.728504E7,3.5420068E7,1.4099534E7,3.218969E7,3.1748408E7,2.5117046E7,0,204805.11,0,367986.22,0,0,0,1.5101329E7,1.5055279E7,
1387,332.2002740189227,7.0036283,,,,,,,,,,,0,2740672.5,0,2574765.5,1684308.8,2423612.0,940299.5,2144790.5,2092727.5,1587628.6,0,0,0,0,1101796.2,1012252.7,1273907.0,1066160.5,959893.0,
1388,277.2176899807246,7.0043144,,,,,,,,,,,210392.02,1.3332786E7,249794.06,1.1271717E7,7945938.0,1.2063536E7,4240257.0,9920260.0,9719218.0,7613842.0,136702.12,127918.87,287707.84,214112.64,4759843.5,4778074.0,5116949.5,5336645.0,4533661.0,
1389,294.24429852671415,7.0056586,,,,,,,,,,,471792.78,4.31206E7,551200.56,3.637368E7,2.5194902E7,3.816895E7,1.3613023E7,3.1329188E7,3.1444838E7,2.3481822E7,208798.67,204805.11,368822.1,347347.3,1.5257317E7,1.5114778E7,1.626466E7,1.6659764E7,1.4346743E7,
1390,374.3282208337957,7.017692,,,,,,,,,,,415654.78,488163.78,381107.8,457717.75,449217.03,636943.2,468648.03,436275.7,403707.34,388522.56,383442.8,393731.88,1503598.4,860446.44,774885.44,550053.56,495080.56,420534.28,388716.34,
1391,242.28547375981145,7.0145497,,,,,,,,,,,185118.36,430955.9,239570.1,614592.6,467515.28,393231.72,374826.56,359988.03,329693.88,441926.75,142607.98,141966.66,955292.75,408865.9,556703.44,498719.2,438398.56,402192.72,329960.06,
1392,273.222839632402,7.033929,,,,,,,,,,,0,466825.22,0,710767.8,1097182.8,747903.06,996892.6,828006.6,658848.25,723564.3,0,0,0,0,302174.47,320603.62,294422.47,340628.5,322315.3,
1393,200.20222372767643,7.056321,,,,,,,,,,,1642044.9,3066196.2,3359248.8,0,2464041.2,2463214.2,2637465.8,3151354.8,3077159.5,3170875.8,768886.56,790767.3,0,1041442.1,0,0,0,3843352.5,3811580.8,
1394,304.3016171072042,7.0553045,,,,,,,,,,,2080379.2,2904338.8,2019141.4,0,3164186.2,2597027.5,2534439.0,2146590.0,2301307.8,2603929.0,1909870.4,1726980.4,0,4501172.0,0,1890956.8,0,2403538.2,2198169.2,
1395,280.26501061428786,7.0723095,,,,,,,,,,,790552.5,1027372.4,989252.25,4.160576E7,1036173.1,1244519.2,1173200.5,1337075.2,1474851.8,1161754.5,0,0,158053.27,0,1008554.56,3.0877686E7,1033762.56,1030076.94,924895.2,
1396,200.20205646602443,7.056003,,,,,,,,,,,1538674.6,3190307.8,2976201.2,3084322.0,2334904.5,2538720.5,2626990.8,3115747.2,2687943.5,3068167.8,728823.3,728823.1,1118567.4,980144.2,3919300.5,3714366.0,3656826.5,3906401.0,3370390.8,
1397,258.2809117793389,7.058015,,,,,,,,,,,369958.97,508610.3,353758.62,0,541089.25,829545.9,603281.0,456013.97,376053.38,344004.1,0,331889.0,0,1651900.6,0,0,0,478464.4,444836.06,
1398,280.2647358571458,7.1070504,,,,,,,,,,,819224.2,0,2.576432E7,1254902.8,3.4328416E7,0,3.8317116E7,1354413.6,3.4885436E7,3.234266E7,0,236295.75,158053.27,0,992944.56,900487.06,1029387.56,0,2.7240048E7,
1399,304.30141910987606,7.060441,,,,,,,,,,,2075340.1,3058142.2,1897253.2,3406613.8,2978708.2,2663867.0,2399636.8,2108370.0,2160519.2,2514858.8,1828869.8,1694466.2,6136412.5,4454296.5,3715637.2,2958487.5,2870382.0,2404302.5,2198928.2,
1400,258.28064590190303,7.0618043,,,,,,,,,,,371097.25,520269.1,334813.88,598659.06,512963.44,886757.25,571035.5,446116.84,364346.56,349629.75,347741.34,320193.97,4590530.0,1604613.5,1218068.9,819497.25,700070.75,460457.9,414101.28,
1401,513.2356722143618,7.072395,,,,,,,,,,,764039.0,838120.9,769659.06,788544.7,765455.75,769921.8,788181.25,734848.56,755790.5,732233.2,760698.1,746422.1,1166637.9,963657.4,928913.2,854084.9,814101.3,737877.94,727219.25,
1402,190.99411929770335,7.054214,,,,,,,,,,,0,821639.4,983813.1,801883.06,787415.94,0,743819.8,875556.44,1126551.2,897464.4,883320.9,1013903.6,607497.25,744387.1,841179.5,1175926.1,895156.94,1027276.0,958984.25,
1403,613.4135881200099,7.0923786,,,,,,,,,,,0,1143578.8,0,859757.56,511747.56,877616.6,0,200238.27,354783.78,551137.8,0,0,0,0,351604.94,350045.6,0,405355.12,404729.47,
1404,954.5480472959516,7.091733,,,,,,,,,,,0,1121947.1,0,806555.4,529316.94,843917.6,0,213287.36,302363.94,525724.7,0,0,0,0,0,383636.4,0,352869.16,348420.34,
1405,296.2601749412607,7.1117687,,,,,,,,,,,3897956.0,5681353.0,4616533.0,236686.92,5657067.0,5717395.5,6102617.0,5450117.0,4944052.0,5573391.0,0,0,0,0,182574.64,183904.12,178227.11,4345394.0,4210992.5,
1406,277.2179528891737,7.1368384,,,,,,,,,,,168453.48,4441263.5,246562.11,328745.25,2173642.0,2754959.5,1541109.5,2505952.2,2104102.2,2386871.2,0,0,0,147134.81,424881.78,959706.25,0,1535923.0,1515285.6,
1407,279.23366280228055,7.1326346,,,,,,,,,,,1308948.6,1753471.8,1487406.2,0,1844794.4,1757925.5,1988248.1,1831740.4,1642040.2,1764589.2,0,0,0,240722.31,0,803731.4,0,1387788.9,1392597.1,
1408,296.2599558472291,7.13107,,,,,,,,,,,4114746.5,0,4852934.0,6164932.0,5915174.5,0,6631247.0,5700382.0,5355849.0,5568462.0,0,0,0,0,4990654.5,5018255.5,4975079.0,4740729.0,4353376.0,
1409,316.2263195144947,7.132373,,,,,,,,,,,201176.27,0,300635.25,6214456.5,4073874.2,0,2626505.5,4694068.0,3402006.5,3910364.0,0,0,0,0,2177591.5,2226839.8,2466219.8,3252043.5,2442297.2,
1410,318.24193224359146,7.1307836,,,,,,,,,,,1798740.1,0,2453069.8,3105275.2,3420591.8,0,3426064.2,2974258.0,2408480.0,2681957.0,0,0,0,0,2202513.8,2347276.0,2352259.5,0,2121916.8,
1411,318.24217572087065,7.1311207,,,,,,,,,,,1754431.4,3065485.0,2368422.2,2961753.8,3197432.2,2817659.2,2993501.2,2793661.8,2378163.8,2846393.8,0,0,0,0,2191438.2,2605071.2,2356735.0,2306680.8,2081873.2,
1412,339.3024460671383,7.133501,,,,,,,,,,,0,1488000.2,0,1044443.2,671725.25,995644.4,419133.62,953529.9,927725.6,1078604.0,0,0,0,0,357183.75,425869.0,436065.28,528003.2,639455.5,
1413,316.22646964107395,7.132807,,,,,,,,,,,201176.27,8075235.5,300635.25,6135244.5,3745493.0,4712934.0,2281976.2,4212376.5,3684198.2,4064073.5,0,0,0,0,2134065.0,2405812.2,2527990.8,2611233.5,2373229.0,
1414,294.24432783044665,7.13337,,,,,,,,,,,389786.72,1.3613527E7,564694.56,1.1026141E7,5748777.5,8877943.0,4055049.2,7085244.0,6730537.0,7208519.5,172831.61,176429.14,387438.62,301867.1,4366422.5,4367773.5,4687238.5,4915905.5,4156668.0,
1415,279.23338670072144,7.1338005,,,,,,,,,,,1212743.1,1758221.6,1444392.2,1849860.1,1784866.6,1877776.2,1821116.6,1726574.6,1496732.1,1750106.2,161816.25,160339.08,316160.16,240789.5,1511174.2,1496373.6,1465768.4,1564045.4,1362199.0,
1416,277.21781930277126,7.134156,,,,,,,,,,,168453.48,4616256.5,246562.11,3769655.5,2018062.9,2949573.8,1370250.5,2346518.2,2164448.5,2419269.8,0,0,205994.66,147134.81,1453556.2,1439130.2,1554774.0,1793875.2,1491221.6,
1417,184.11324035393852,7.131027,,,,,,,,,,,0,263102.0,0,243534.38,216026.94,0,190543.81,0,141519.94,150010.98,157992.0,0,1338256.2,372673.4,237635.77,217435.7,203427.9,187455.05,0,
1418,337.27536507737227,7.1412015,,,,,,,,,,,0,591124.9,0,1273995.8,1291272.1,898506.9,1186935.4,1045178.5,1018519.5,845035.7,0,0,0,0,391102.38,381047.56,374583.7,434067.56,402680.2,
1419,478.29551394849085,7.142483,,,,,,,,,,,0,1481404.2,0,3159396.0,3412553.8,2312570.5,3252318.0,2800147.8,2656698.5,2412909.2,0,0,0,0,992729.8,980661.8,1157150.5,987516.56,1094375.5,
1420,478.2952309467431,7.142218,,,,,,,,,,,0,0,0,3079249.5,3485831.2,0,3449285.2,2970500.0,2951170.0,2601552.0,0,0,0,0,901364.5,949856.94,1081400.2,970594.9,1153616.0,
1421,343.33389649505773,7.1532774,,,,,,,,,,,3101587.0,3176210.0,3559881.5,0,3456493.0,3461126.8,3950737.5,4195939.0,4142896.5,4391392.0,0,0,0,278195.3,0,2416081.2,0,2829059.8,3628971.2,
1422,263.23843651477506,7.1472983,,,,,,,,,,,3275390.0,4868328.0,3669897.5,5989769.5,4682435.0,4858504.0,5273888.0,4425159.0,4655456.5,4666225.5,0,0,0,0,4346933.5,4542589.0,4531947.0,3637481.8,3720804.8,
1423,245.2276723960021,7.153681,,,,,,,,,,,1233151.1,0,1279782.2,1927823.4,1807969.4,0,1863180.0,1592617.5,1669547.8,1714176.9,0,0,0,0,1384941.9,1471960.6,1522136.5,1354371.8,1387154.8,
1424,263.2383000552366,7.1478148,,,,,,,,,,,3481331.5,0,3885939.8,5514790.5,5055487.5,0,5581554.5,4687179.0,5298182.5,4841452.5,0,0,0,0,4172673.5,4273056.5,4331567.0,3942182.0,3972047.0,
1425,280.26475711000205,7.1570597,,,,,,,,,,,2.523923E7,0,2.576432E7,3.84892E7,3.4328416E7,0,3.8317116E7,3.263413E7,3.4885436E7,3.2794396E7,328202.03,339632.38,366114.78,327911.7,2.9297772E7,2.940559E7,3.0120738E7,2.7459948E7,2.7240048E7,
1426,245.22779583389183,7.1529446,,,,,,,,,,,1164716.9,1688541.1,1269998.8,2144141.0,1654893.8,1717577.1,1820160.0,1530431.9,1521295.6,1612267.4,0,0,0,0,1482592.4,1579192.2,1649513.4,1300890.9,1308052.9,
1427,280.2648754579021,7.1561537,,,,,,,,,,,2.3433912E7,3.322161E7,2.5701158E7,4.160576E7,3.218498E7,3.3177074E7,3.625883E7,3.0604688E7,3.1321202E7,3.1470336E7,319821.5,318059.5,366114.78,327911.7,3.0688624E7,3.0877686E7,3.1805078E7,2.5807332E7,2.5606236E7,
1428,343.3336388409597,7.158256,,,,,,,,,,,2877381.0,3160853.2,3486508.5,3182590.0,3271153.8,3858034.2,3544283.2,3993054.0,4032975.2,4308721.5,0,0,1120657.0,277475.97,2207725.2,2360734.0,2493991.0,3056286.2,3436635.5,
1429,294.24433030792045,7.1417985,,,,,,,,,,,401514.9,1.3235812E7,604610.6,1.0905689E7,6109989.0,8323318.5,275910.6,7605707.5,6821353.5,7210667.5,172831.61,176429.14,396766.94,301867.1,4416612.5,4572247.0,4854790.5,4393410.5,241851.3,
1430,267.17365087302903,7.1733394,,,,,,,,,,,8046705.5,5370349.0,4898610.0,0,5079336.0,5076505.5,5301851.5,5295207.5,5204364.5,5390855.5,0,4240358.0,0,6561501.0,0,0,0,5497694.5,5334914.5,
1431,343.1332051991172,7.166775,,,,,,,,,,,822181.9,997365.94,944160.0,901293.2,717487.94,806153.9,757634.1,706942.4,834525.3,841854.44,935291.8,962602.44,1171199.8,1101493.1,743548.4,809072.9,860287.6,865211.1,850641.2,
1432,140.011494168888,7.1689067,,,,,,,,,,,1550603.9,1406150.0,1275768.4,1487088.6,1481369.4,1389379.9,1453669.2,1405123.0,1421816.8,1310951.4,1095549.4,1054019.8,2064318.2,2001736.6,1435921.2,1547478.2,1649951.6,1501815.8,1329685.5,
1433,267.1733910327656,7.1738353,,,,,,,,,,,5741274.5,5498298.5,4635831.0,5096379.5,5131505.0,5114352.5,5151939.5,4886400.5,5166491.0,5010697.5,4312170.0,4202439.5,6299204.0,6172225.5,4967644.5,5356825.0,5638438.0,5904418.0,5067438.0,
1434,520.3422490298497,7.175389,,,,,,,,,,,339866.03,2727676.0,428796.16,7201119.5,7243427.0,5137516.0,6362812.5,5613748.5,5328339.5,3762649.8,0,0,0,0,1942985.0,2237468.8,2415693.0,2244234.8,2184781.0,
1435,520.3418187697997,7.1776323,,,,,,,,,,,352943.94,0,428796.16,6733598.5,7713945.0,0,6702883.5,5829167.0,5760903.0,3872329.8,0,0,0,0,1862167.6,2149681.8,2276829.0,905513.06,2241179.2,
1436,269.21218499306826,7.1769104,,,,,,,,,,,589785.44,910564.4,511072.72,860777.1,599398.6,621461.06,785391.5,491808.88,502753.28,543199.1,478918.16,455532.12,1158036.0,1088010.2,896998.5,914954.06,1008029.6,738128.06,584035.94,
1437,312.23139209489693,7.1783257,,,,,,,,,,,812208.7,300737.2,759685.44,562047.3,670061.2,666014.4,416108.0,738562.8,743899.75,845766.2,747447.5,788056.56,527521.8,695820.8,562467.44,629235.25,693260.8,770486.25,848473.94,
1438,320.25766952620876,7.189626,,,,,,,,,,,9097567.0,1.2618166E7,9520401.0,1.4352617E7,1.4384561E7,1.3047637E7,1.5248172E7,1.033724E7,1.1821005E7,1.2910122E7,0,0,161249.02,0,1.2119642E7,1.2783614E7,1.1000555E7,1.0524012E7,1.0237615E7,
1439,336.2316975668617,7.1882052,,,,,,,,,,,937604.6,1220785.5,983471.2,1325642.1,1409044.0,1347320.6,1404239.6,1047317.56,1166414.0,1230851.1,0,0,0,0,1343379.2,1210830.6,1057803.5,1073541.6,1089608.6,
1440,704.5176295037141,7.1906962,,,,,,,,,,,0,0,0,123077.27,0,0,142238.88,0,0,0,0,0,1577064.9,394505.97,230489.27,176114.38,155808.11,0,0,
1441,320.2574353732392,7.1912084,,,,,,,,,,,1.006038E7,0,9858994.0,1.3814085E7,1.5519873E7,0,1.4719522E7,1.1376656E7,1.1959228E7,1.307707E7,0,0,161249.02,0,1.0450686E7,1.101332E7,1.0689457E7,0,9609150.0,
1442,336.23144319251895,7.189564,,,,,,,,,,,1056634.4,0,1000425.0,1309778.9,1580790.1,0,1390929.6,1143217.4,1178558.9,1215398.0,0,0,0,0,1125446.2,1060663.4,1052224.0,0,1041435.06,
1443,297.0600254204539,7.1962075,,,,,,,,,,,7405969.0,7377382.5,6896818.0,0,7716298.0,7460545.5,8256216.0,6778923.5,7576470.5,7611216.0,7011759.0,7750293.0,0,1.2470349E7,0,0,0,7204900.5,8173484.5,
1444,358.98194141602005,7.1962075,,,,,,,,,,,3198703.5,3232166.0,2815575.0,0,3006401.8,3215316.2,3705543.5,2656221.5,3129868.5,3067097.0,2709149.5,3021167.0,0,4868764.0,0,0,0,3199842.5,2993233.0,
1445,660.4916983979357,7.1966586,,,,,,,,,,,0,0,0,168102.69,0,0,129326.055,0,0,0,0,0,1806210.2,430900.28,242886.25,211786.66,199481.14,0,0,
1446,148.02577779957232,7.1985483,,,,,,,,,,,841192.2,809421.1,819562.75,822200.44,838805.7,812859.25,838688.06,767029.94,821622.5,840139.44,790671.75,842453.0,1532334.4,1347077.0,1338273.0,870135.56,853475.9,850206.2,868886.0,
1447,655.034505271588,7.1980886,,,,,,,,,,,568706.2,613620.44,562558.5,712193.7,517384.78,602032.7,682149.1,507628.94,567234.75,552048.75,523973.9,499596.78,1153037.2,1034830.94,1011074.94,663285.75,665483.9,647678.9,501936.97,
1448,358.98168080718744,7.198541,,,,,,,,,,,3077515.5,3447896.5,2839546.0,3501513.0,2883366.8,3364677.0,3609099.8,2671839.2,3086136.0,3072817.5,2787898.0,2946360.2,6068601.5,4778259.5,5071224.0,3535088.8,3587866.0,3277105.8,2857625.5,
1449,297.05980995490376,7.198549,,,,,,,,,,,7120074.0,7711869.0,6870999.0,7520874.0,7600205.5,8162040.5,7691387.0,6810115.0,7270534.5,7393017.5,6908813.5,7061854.0,1.2771907E7,1.1597735E7,1.1606302E7,7627622.0,7529223.0,7520883.5,7561218.0,
1450,315.1949777677979,7.2154455,,,,,,,,,,,0,778547.0,0,932152.7,939788.3,600732.9,1137643.4,386608.12,554068.9,1083603.5,0,0,181208.23,0,265125.22,282282.0,315664.84,276382.25,327076.03,
1451,616.465743080819,7.201523,,,,,,,,,,,141032.36,0,0,180235.8,144285.31,0,158096.27,143277.12,0,0,0,0,1979870.0,503390.47,275445.78,244287.6,213055.86,0,0,
1452,275.2019601119008,7.219037,,,,,,,,,,,0,0,0,1396766.4,2406676.0,0,2378758.5,1866569.4,2046878.6,2815293.2,0,0,0,0,707532.1,736989.3,802713.0,0,966260.1,
1453,275.2022011973373,7.2097774,,,,,,,,,,,0,2078275.2,0,1858324.5,2349911.0,1656491.4,2360804.5,1090130.1,1495349.2,2674301.2,0,0,0,0,724378.5,829225.3,880279.3,764478.94,881128.25,
1454,299.3075031113262,7.2071033,,,,,,,,,,,1071264.1,1059799.0,927307.2,0,1167509.4,1059994.1,1025585.56,1100016.5,1086559.1,1079198.8,1040667.6,864065.0,0,2033431.1,0,0,0,1007323.75,1130955.8,
1455,572.4392610859843,7.2091784,,,,,,,,,,,147865.36,0,0,205744.66,184190.61,0,214252.05,140430.52,121352.22,139370.67,0,108465.69,2173203.5,608181.56,348325.22,260628.81,239185.58,0,0,
1456,299.3072715567546,7.2137003,,,,,,,,,,,1046545.2,1083243.8,898574.56,1124356.5,1106985.2,1116267.2,1043049.9,984031.0,980714.25,1035640.06,1005222.1,884210.6,6020916.5,1986234.0,1934749.4,1247670.2,1180846.6,992952.7,1025446.0,
1457,282.280738544872,7.2137003,,,,,,,,,,,620327.9,678840.94,559821.0,748984.06,715350.8,706470.06,651567.75,602560.0,644212.9,643406.44,672649.0,628813.4,3564992.0,1207511.2,1271134.0,777426.3,747802.44,684394.94,596197.75,
1458,528.4132344145909,7.212407,,,,,,,,,,,168254.97,0,130828.75,219365.45,194155.97,176785.14,203137.48,156696.36,134716.48,163657.92,0,128676.695,2239148.2,676744.25,371581.44,294883.47,277068.94,158820.7,0,
1459,293.21251707302787,7.2383842,,,,,,,,,,,282935.28,1554728.2,303651.2,2130693.0,1684955.6,1532744.8,2827756.0,2078179.8,2233273.2,1842321.8,299511.0,276723.75,402345.72,413297.75,729945.3,848765.0,794411.4,776527.25,751427.44,
1460,484.38700754892477,7.222701,,,,,,,,,,,187365.86,199630.9,118018.05,254060.06,194586.92,196336.7,214114.02,166598.67,135606.7,143760.9,107395.27,121678.46,2261770.5,722170.7,385093.56,316094.3,275019.62,169241.92,0,
1461,327.0796429013124,7.2201138,,,,,,,,,,,253620.83,274940.72,269311.28,340636.84,278672.34,296085.1,338599.9,243669.7,249329.1,258703.02,282793.34,267039.75,1750335.9,593288.25,420125.44,328614.66,358555.25,291392.9,268555.38,
1462,440.36054946138665,7.222049,,,,,,,,,,,156161.05,0,122679.95,229408.56,191674.03,174570.5,201633.8,140461.2,123866.8,126219.516,0,130722.85,2066670.6,749107.1,349025.4,308813.56,256462.1,154413.12,0,
1463,396.3340375967668,7.2217755,,,,,,,,,,,152522.83,184642.47,0,184987.7,163519.73,0,167118.39,0,0,109893.8,0,0,1774004.5,698142.8,342949.7,257862.39,222211.62,136985.98,0,
1464,293.2124011224224,7.2492023,,,,,,,,,,,252558.0,0,317186.34,2046490.2,2090427.2,580307.44,2827756.0,2078179.8,2233273.2,1914589.1,312747.6,290369.0,533514.06,413297.75,705168.44,802077.56,739995.56,787053.4,789191.4,
1465,327.2336128620346,7.2436347,,,,,,,,,,,0,724962.06,0,900608.94,923489.9,706223.5,525654.1,347684.06,526573.7,734301.94,0,0,0,0,345946.3,364733.75,311569.03,348361.25,353313.34,
1466,275.2024998397499,7.24132,,,,,,,,,,,0,2272595.2,0,0,2406676.0,1361734.9,2378758.5,1916738.8,2157622.2,2815293.2,0,0,0,0,0,0,0,808974.8,966260.1,
1467,267.1737081341326,7.220299,,,,,,,,,,,8046705.5,4086232.8,4898610.0,0,5079336.0,3562428.0,6108639.5,5295207.5,5204364.5,4154897.2,0,0,0,6561501.0,0,0,0,6168571.5,5956546.5,
1468,275.20211022915896,7.248579,,,,,,,,,,,0,2272595.2,0,1843748.2,1880322.0,1687337.2,2378758.5,1744509.8,1951386.5,2815293.2,0,0,167708.95,126494.016,557635.06,646356.44,634367.4,625798.25,966260.1,
1469,140.01153099290687,7.258396,,,,,,,,,,,827197.9,465411.1,302546.25,467214.22,452752.44,431162.94,727801.6,419482.94,444231.22,470598.8,146448.67,129931.73,282251.1,245806.56,927602.4,893619.25,874997.3,650154.75,631624.3,
1470,267.17341779297595,7.249831,,,,,,,,,,,7619678.0,5498298.5,2666781.2,3820412.5,4040325.8,5114352.5,5797721.0,3656909.0,3743245.5,4023032.2,1128134.0,1150649.0,1795218.8,1605297.1,7242290.0,7306967.0,7169784.5,6168571.5,5803865.0,
1471,315.1948724816532,7.257039,,,,,,,,,,,0,299204.78,0,932152.7,856787.56,616086.7,1109518.1,882465.56,901910.8,587542.4,0,0,0,0,265125.22,282282.0,315664.84,285655.75,305964.25,
1472,204.13974427869874,7.2811027,,,,,,,,,,,1520184.8,1198189.2,1500516.0,0,1316827.4,1320346.0,1310229.9,1637106.1,1670376.2,1467340.4,1302475.8,1441638.9,0,2251788.2,0,0,0,1285848.6,1391127.6,
1473,458.1840473273347,7.2835693,,,,,,,,,,,896526.44,809308.1,963499.1,0,823704.1,916951.25,886900.2,867335.7,949376.6,913583.4,1024444.0,909377.8,0,1233470.9,0,0,0,879899.0,939471.6,
1474,204.13958257534182,7.2829638,,,,,,,,,,,1531540.9,1210038.2,1477641.9,1391769.1,1186097.6,1413117.1,1326239.8,1437074.6,1618004.9,1326789.0,1323664.0,1373093.1,3141957.5,2221987.2,1372762.9,1583845.8,1477419.9,1267638.6,1298359.0,
1475,296.2603375831657,7.2871904,,,,,,,,,,,1306270.4,1647880.0,1491534.2,0,1853486.5,1876740.9,1941967.8,2234022.2,2168564.2,1890061.4,0,170401.58,0,247727.64,0,0,0,1404632.6,1457088.4,
1476,318.2420805942809,7.2897754,,,,,,,,,,,872116.5,1146535.6,952605.75,1381784.1,1237112.9,1288515.5,1220056.1,1496297.1,1476118.1,1311237.8,113752.08,0,165605.36,135470.98,898234.06,1154031.4,1124513.6,948674.2,927995.7,
1477,387.1091261767755,7.286121,,,,,,,,,,,697985.44,610291.0,688128.7,647854.5,598377.6,730443.2,659152.4,669960.7,708652.25,701492.8,743313.56,793180.75,817703.1,899804.94,612926.25,552731.44,631917.7,722315.06,745147.9,
1478,458.1836989753915,7.2865386,,,,,,,,,,,867022.56,773986.25,898470.06,779424.75,772024.2,929504.1,827650.0,830178.5,918958.75,870265.06,980449.3,1050081.8,983019.1,1144560.1,736192.6,687561.9,789010.8,954887.7,956720.25,
1479,293.2125046752784,7.262868,,,,,,,,,,,303280.88,689388.6,317186.34,2363992.5,2088753.6,1207044.5,2701775.2,2006699.0,2172441.2,1564160.9,312747.6,290369.0,402345.72,413297.75,729945.3,848765.0,794411.4,604220.4,789191.4,
1480,318.2419305827632,7.2908735,,,,,,,,,,,912338.06,0,1024382.25,1358123.9,1221198.6,0,1277460.0,1575295.5,1588014.8,1321810.0,113752.08,0,165605.36,135470.98,888349.44,1083631.5,1054868.4,799247.1,965610.3,
1481,478.29564657098376,7.2987027,,,,,,,,,,,0,498877.84,0,1702262.5,1377351.0,1077416.5,1768076.6,1435805.9,1400152.2,768890.1,0,0,0,0,438409.4,491674.1,511891.4,537597.75,450539.8,
1482,296.2600524047141,7.2955065,,,,,,,,,,,1224451.1,1731912.8,1395822.9,2022595.5,1838478.6,1873194.4,1790877.6,2124100.0,2068146.6,1832170.0,175056.6,170401.58,299801.72,248040.47,1479262.8,1602070.5,1528163.0,1449897.4,1377079.0,
1483,269.21268618287274,7.3093557,,,,,,,,,,,2041226.8,2319028.8,1739996.9,0,2132440.8,2202624.0,2702538.8,1933935.8,1843046.8,1868784.4,1704948.4,1836246.2,0,7282403.0,0,0,0,2138230.5,1714209.6,
1484,251.20208018345596,7.3099656,,,,,,,,,,,1527353.2,1712589.1,1374622.5,0,1594564.4,1646855.1,2076385.1,1430038.1,1382516.5,1394614.6,1282594.6,1362201.9,0,5335900.5,0,0,0,1559115.5,1246206.4,
1485,286.23939897551713,7.313142,,,,,,,,,,,1286968.6,1638561.6,1275750.1,848231.0,1498698.2,1456189.6,1855098.4,1259249.9,1267261.0,1270187.0,1106992.8,1234372.9,0,5168918.5,0,714213.3,0,1347291.9,1128514.2,
1486,269.2124687130093,7.3117466,,,,,,,,,,,1937704.6,2406170.5,1704063.9,2914645.2,2100887.5,2222053.8,2602800.2,1886031.1,1768176.2,1790389.4,1653265.9,1717319.0,8054551.5,6743947.0,3764765.2,3318466.2,3245207.0,2001199.5,1640359.1,
1487,251.20188240878232,7.312191,,,,,,,,,,,1440819.8,1762751.6,1330306.2,2286076.5,1586698.4,1664366.9,1969469.2,1413340.9,1355167.8,1341188.5,1236876.2,1251358.1,5987762.0,5013450.5,2829918.2,2535424.5,2525930.2,1605759.1,1222051.9,
1488,286.23925539598787,7.3122044,,,,,,,,,,,1302953.6,1651348.4,1181805.2,1960577.6,1445252.8,1515547.5,1797822.6,1255084.5,1209731.6,1217748.9,1054144.0,1145535.4,5668223.5,4779648.5,2537408.0,2268346.8,2205801.5,1394987.6,1074942.0,
1489,291.19457786472947,7.3120675,,,,,,,,,,,1034866.5,1132611.5,835383.7,1386377.1,1059760.8,0,1361307.5,838473.44,858660.75,852142.44,795927.3,757822.6,2935256.0,2949185.8,1721524.0,1572696.4,1624762.5,1011074.2,727339.2,
1490,235.1707376120709,7.3142385,,,,,,,,,,,6098353.0,5081006.0,4470700.0,0,4330673.0,4996116.0,5823908.5,4625173.5,5545596.0,4642043.0,5177501.0,4592940.0,0,7901846.5,0,0,0,5597257.0,4615489.5,
1491,437.37649578959196,7.3142385,,,,,,,,,,,3965524.8,4061744.5,4941538.0,0,2902493.5,5372004.5,1400143.2,2.1300686E7,1.0689869E7,3053928.0,1251935.1,1108278.8,0,2911357.0,0,0,0,7200058.5,6360845.5,
1492,459.35851105254585,7.3142385,,,,,,,,,,,1957991.8,1929482.9,2453145.0,0,1353344.6,2606199.0,690282.75,1.0277021E7,5564960.0,1587196.1,637795.75,590841.0,0,1346416.4,0,0,0,3702593.8,2949657.8,
1493,459.3581700274828,7.3153415,,,,,,,,,,,1680463.8,2101471.8,2351502.8,3513339.2,1274198.2,2596781.2,666700.75,1.0033447E7,5411152.5,1474921.9,585608.5,514550.75,1895426.4,1230815.4,3176056.0,2569098.0,3079411.2,3576768.2,3011389.0,
1494,437.3761570201515,7.316242,,,,,,,,,,,3499959.5,4310961.5,4782554.5,7593739.0,2763080.0,5478227.5,1409206.8,2.0811812E7,1.0287965E7,2894050.8,1185818.9,1084093.6,4289252.0,2652830.0,7203804.5,6399546.5,6519708.5,6950333.5,6218427.0,
1495,235.17055797763,7.3162293,,,,,,,,,,,5343277.0,5532378.0,4648607.5,4409146.0,4088367.2,4992545.0,5339701.5,4645780.5,4958507.0,4738960.0,4733311.5,4310657.0,8572526.0,6935412.0,4956098.5,5695279.0,5837572.5,5630755.0,4488151.0,
1496,420.3495247631895,7.315754,,,,,,,,,,,314303.1,376834.3,460881.56,681053.9,242994.22,474221.78,0,1943292.0,943159.8,321228.66,0,0,389946.53,267936.53,672933.8,595302.56,594655.5,639314.8,575557.56,
1497,293.2122016092674,7.3098817,,,,,,,,,,,257288.5,447394.94,248370.44,2169244.0,1348930.0,580307.44,1691526.1,1735744.5,1997940.6,1282019.8,241570.44,230663.34,471323.56,411036.47,502849.84,595561.75,659589.6,787053.4,609852.44,
1498,475.33207257386096,7.3158503,,,,,,,,,,,268453.16,0,310619.06,546513.1,156599.86,0,0,1208225.0,717237.2,196485.9,0,0,258442.92,187379.86,426955.38,352722.2,416526.06,432650.5,384975.22,
1499,214.21764826144138,7.329028,,,,,,,,,,,175274.94,0,0,180958.25,0,0,206728.5,218554.62,0,153778.72,0,0,131526.3,0,1056139.4,1101850.0,1234336.1,971947.6,812572.2,
1500,249.18642774884896,7.327419,,,,,,,,,,,2547129.5,2801921.2,2841779.8,0,2630239.8,2819257.0,2760805.0,2869772.8,2447740.8,2590633.0,2664102.0,2374396.2,0,3727680.8,0,456161.88,0,2646401.0,2554582.8,
1501,275.2021006954511,7.3186574,,,,,,,,,,,0,777329.94,0,2739450.2,1463261.9,1327960.1,1858539.1,1824625.5,2143721.8,1454582.2,0,0,167708.95,126494.016,548688.6,706603.6,682872.0,616644.2,644321.25,
1502,275.201965782514,7.305032,,,,,,,,,,,0,0,0,2416479.0,1908091.6,0,2378758.5,1916738.8,2157622.2,1457618.2,0,0,167708.95,126494.016,503995.12,588516.75,663083.06,607574.5,699045.75,
1503,520.3423066996309,7.3328047,,,,,,,,,,,0,1105747.1,0,3185385.5,3015186.2,2275719.2,3102603.5,2713623.2,2868194.0,1506959.4,0,0,0,0,830339.9,917257.0,1025521.56,932352.7,925791.9,
1504,249.1862787916043,7.332457,,,,,,,,,,,2379622.2,2912594.0,2601380.2,3078355.0,2459229.8,2897923.2,2448809.5,2739744.5,2393462.0,2485685.8,2421458.5,2426387.2,5894139.0,3642582.8,2666841.5,3049477.2,3130070.2,2584512.0,2490187.2,
1505,357.3127033803155,7.374281,,,,,,,,,,,0,0,0,0,0,0,0,784567.8,0,0,0,0,0,0,0,0,0,0,0,
1506,572.4393230521554,7.3862095,,,,,,,,,,,130705.24,0,114402.28,160679.67,167166.34,0,156555.6,123268.54,0,0,0,0,1045562.56,394681.47,242799.48,204831.89,182548.47,0,0,
1507,226.21787099950942,7.39257,,,,,,,,,,,4315295.5,4924911.0,4526685.0,6663328.0,4165725.5,5583870.0,4521954.5,4269523.0,4945696.5,6024152.0,0,0,0,0,5000028.5,5191871.5,4651098.0,4341922.0,3468565.0,
1508,226.2177602886945,7.39185,,,,,,,,,,,4971707.0,0,5452745.0,6107448.0,4161244.2,0,4804940.0,4299870.5,4994435.5,6013136.0,0,0,0,0,5046207.0,4726295.5,4471006.0,4751371.0,3804614.8,
1509,1447.0938582953418,7.398568,,,,,,,,,,,0,979531.44,0,980490.3,1040494.56,1051965.8,582323.4,422228.25,498576.2,981018.4,0,0,0,0,0,0,0,145861.75,157019.98,
1510,528.4135719821206,7.396067,,,,,,,,,,,154078.42,0,138567.33,179429.19,155734.48,0,163059.36,146696.86,126955.1,126285.58,112015.18,117937.55,1093923.9,433610.75,275718.66,224982.84,209482.23,144437.6,115684.96,
1511,1447.4276208079586,7.399162,,,,,,,,,,,0,892997.94,0,821691.5,992901.0,889858.4,438303.0,356395.53,465239.0,773034.4,0,0,0,0,0,0,0,0,0,
1512,1447.0925474706498,7.39623,,,,,,,,,,,0,0,0,934202.1,1117733.5,0,608129.0,457014.97,532110.0,981546.1,0,0,0,0,0,0,0,0,157019.98,
1513,318.2421540966191,7.436073,,,,,,,,,,,2422639.0,3265654.8,2805151.2,6002907.0,5652578.5,4028352.0,3057268.5,4547329.0,2804903.2,3519494.8,0,0,0,0,3833864.5,4279437.0,3899451.8,2050076.1,3509649.5,
1514,341.3182069358857,7.4326344,,,,,,,,,,,409468.72,731414.06,991875.5,1447583.1,1423482.9,885873.1,720628.8,918819.0,1799551.2,1150845.2,0,0,0,0,642253.2,830803.44,1025935.75,555231.25,1384115.2,
1515,296.260023337464,7.443524,,,,,,,,,,,4204714.0,5344056.0,5167502.5,1.0509175E7,9034626.0,6092294.5,5588492.5,5355344.5,8519788.0,6168527.0,204050.22,209848.14,421948.72,341476.97,7846005.0,7801051.0,7253364.0,3547537.5,6015722.5,
1516,318.2419197393646,7.445658,,,,,,,,,,,2422639.0,0,2805151.2,3188038.0,5652578.5,0,5497220.0,4547329.0,4924135.5,6111304.0,0,0,0,0,2281512.0,4279437.0,1972630.2,0,3509649.5,
1517,279.23337309438847,7.440027,,,,,,,,,,,943788.7,1907707.5,1122630.1,2307054.5,1988396.5,1701416.1,2079664.4,1797768.6,1905811.9,1162026.4,218509.67,215457.7,312323.6,265125.5,786307.06,1670584.0,747747.0,1529215.2,1467787.1,
1518,296.2599012772451,7.4485517,,,,,,,,,,,4204714.0,0,5167502.5,1.0509175E7,9034626.0,0,9818351.0,8378570.0,8519788.0,9696470.0,204050.22,209848.14,421948.72,341476.97,4067549.8,3915892.0,3694700.8,3772054.5,6015722.5,
1519,243.1370797184057,7.4292855,,,,,,,,,,,1527179.1,1586126.6,1652935.0,1031215.2,1808706.2,1503624.0,1925593.2,1466451.5,1432579.6,1188866.1,931328.4,1367392.2,0,2842904.5,0,0,0,1633797.0,1316361.9,
1520,243.1369236122038,7.4306064,,,,,,,,,,,1572993.1,1595730.2,1450769.8,1906729.9,1715059.9,1559524.9,1863648.2,1383410.8,1337217.4,1129077.6,1259044.2,1315295.5,1219919.5,2649017.0,2270252.8,2171980.0,2045589.4,1747794.1,1278691.9,
1521,330.33845406984585,7.452501,,,,,,,,,,,1.2664816E7,1.2502406E7,1.0287152E7,0,1.1929232E7,1.3377401E7,1.3219108E7,1.2364471E7,1.1344429E7,1.2010074E7,3860608.0,1.1108179E7,0,1.8287576E7,0,938278.94,0,1.1414334E7,1.1611705E7,
1522,330.3382609739663,7.45164,,,,,,,,,,,1.1914154E7,1.2969194E7,1.0257247E7,1.3544348E7,1.1632003E7,1.4495987E7,1.2952888E7,1.161174E7,1.0982726E7,1.138192E7,1.0196961E7,1.0829801E7,3.661323E7,1.8520606E7,1.8406878E7,1.4080626E7,1.3193271E7,1.188602E7,1.1040213E7,
1523,279.23338335232756,7.4485483,,,,,,,,,,,913981.4,1746762.6,1088221.6,2307054.5,1817938.0,1681913.9,2039389.1,1796691.4,1855194.8,2107316.5,218509.67,215457.7,312323.6,261364.98,1705223.6,1670584.0,1517358.2,1409381.6,1309132.0,
1524,341.31805357542055,7.4579115,,,,,,,,,,,771671.7,0,991875.5,1339895.1,1423482.9,0,1385197.4,1619106.8,1799551.2,2096788.2,0,0,0,0,588177.56,776220.5,900133.44,1055438.1,1384115.2,
1525,318.242156149208,7.457827,,,,,,,,,,,2300528.2,4727521.5,2777522.8,6002907.0,4950914.5,4476414.5,5402508.0,4515470.5,4787120.5,5816163.5,0,0,0,0,3833864.5,4279437.0,3899451.8,4181168.0,3101931.5,
1526,334.21600826517613,7.4583907,,,,,,,,,,,384227.44,751669.6,465404.06,953362.94,834029.75,727405.06,855925.8,768904.9,832423.9,927082.0,0,0,0,0,616159.9,707608.06,651865.7,740465.2,542388.25,
1527,298.27620225310574,7.4766464,,,,,,,,,,,355450.97,450229.88,346569.5,1473615.2,455933.4,468580.53,508380.12,429025.53,1259083.6,457444.25,0,0,0,0,1205324.8,1316702.0,1223257.2,402540.53,369325.78,
1528,296.2603025040418,7.459158,,,,,,,,,,,4204714.0,7969958.5,5167502.5,0,9034626.0,8132618.0,9818351.0,8378570.0,8519788.0,9696470.0,0,209848.14,0,341476.97,0,0,0,6386801.0,6015722.5,
1529,279.2332633459516,7.4475274,,,,,,,,,,,943788.7,0,1122630.1,2222826.0,1988396.5,0,2079664.4,1797768.6,1905811.9,2165894.2,218509.67,215457.7,312323.6,265125.5,1552794.9,1572692.5,1484644.2,1529215.2,1467787.1,
1530,318.2419271399509,7.4591236,,,,,,,,,,,2422639.0,0,2805151.2,5769727.0,5652578.5,0,5497220.0,4547329.0,4924135.5,6111304.0,0,0,0,0,3419681.0,3940742.8,3717836.0,0,3509649.5,
1531,341.3182220408526,7.4589567,,,,,,,,,,,732325.56,1295434.6,992902.7,1447583.1,1362186.2,1322368.1,1363798.6,1573896.8,1693129.1,2013111.4,0,0,0,0,642253.2,830803.44,1025935.75,1139101.2,1233182.1,
1532,403.2840340542261,7.466431,,,,,,,,,,,0,444440.5,0,770290.4,1277865.8,985187.06,1177321.1,902407.1,790123.3,1009923.56,0,0,0,0,216768.92,266186.16,278056.16,344265.0,179852.77,
1533,296.26002988291634,7.46202,,,,,,,,,,,4007081.2,8640869.0,4996570.0,1.0329841E7,8554784.0,8369890.5,9466040.0,8201358.5,8138175.5,9407965.0,204050.22,209848.14,404007.53,323107.78,7133931.5,7308852.0,6813109.0,6878261.5,5467154.5,
1534,369.24210496814857,7.4632587,,,,,,,,,,,0,431781.62,0,713828.7,1008480.2,685827.6,1193709.5,764379.5,666057.94,715280.94,0,0,0,0,241440.9,284215.72,331396.84,357199.4,331348.25,
1535,329.2493720572334,7.4658713,,,,,,,,,,,0,1060969.4,0,2065948.8,2658375.8,1727559.0,3312691.2,1998485.0,1698949.5,1648850.6,0,0,0,0,835706.06,844590.25,968302.1,720213.06,686328.25,
1536,329.2490870489258,7.4638815,,,,,,,,,,,0,0,0,2025726.5,2644992.2,0,3517016.2,2025970.9,1760888.4,1701527.5,0,0,0,0,775311.9,838164.3,879317.8,0,793923.9,
1537,225.0923284249316,7.47959,,,,,,,,,,,908183.2,1118049.6,683430.2,770336.25,936277.5,939283.25,730601.5,830186.3,627028.1,630588.75,590449.8,666430.44,3193382.2,2058342.6,1044364.06,1382416.2,1091418.5,802215.2,505058.94,
1538,378.17181557258266,7.480023,,,,,,,,,,,467529.53,636020.1,355344.75,422126.28,495508.84,485789.16,398275.53,435624.75,352765.4,349066.66,316610.06,336120.8,1667050.6,1111859.4,566901.9,728806.1,620221.9,438752.53,298142.47,
1539,494.15564339495285,7.4943037,,,,,,,,,,,866571.56,926022.3,825277.7,940271.44,883393.9,856453.56,920628.25,903970.8,851147.94,701889.2,753013.7,732340.9,1432177.8,1414165.4,1148988.2,1067235.2,913656.6,891467.56,812260.44,
1540,466.16105319292546,7.4952025,,,,,,,,,,,838970.4,795130.6,767493.1,776888.56,802782.75,775707.8,824495.06,737743.44,684103.1,638325.94,641273.7,646563.6,1241209.6,1177692.0,1033483.75,948029.1,726343.25,782253.0,723529.44,
1541,474.2125694488403,7.4952126,,,,,,,,,,,993007.4,1013360.5,958616.44,916893.75,964742.9,972990.7,958676.75,1003937.7,926776.2,847175.0,913181.56,918930.2,1453806.6,1409017.8,1162752.2,1081739.4,879923.75,970983.4,946742.8,
1542,492.1852622084852,7.495211,,,,,,,,,,,1741246.0,1812596.2,1662849.1,1771640.0,1698812.6,1704450.1,1760098.4,1758627.9,1729309.5,1463588.2,1600881.0,1553814.4,3212226.5,3072052.2,2272605.2,2068604.1,1677539.9,1781559.1,1591004.4,
1543,398.17536054233716,7.4934025,,,,,,,,,,,373733.16,469442.94,341249.28,439882.47,448507.22,453101.78,408285.97,402408.22,459739.22,345233.1,331784.06,361183.03,1366126.0,974198.9,726049.44,601179.4,520787.25,445666.97,297754.16,
1544,451.15842809675183,7.4984164,,,,,,,,,,,1131453.1,1146605.6,1199261.1,1104610.6,1120008.0,1257440.0,1203753.5,1145309.1,1043999.7,996711.06,1039834.44,1134937.6,1473824.9,1517408.8,1211818.8,1212923.1,929675.3,1130127.9,1296002.4,
1545,492.18555826337473,7.5038977,,,,,,,,,,,1842465.4,1824887.1,1764810.9,1722881.0,1716835.1,1633228.9,1767509.2,1790044.8,1723861.0,1457110.5,1612353.1,1708262.8,0,3144470.5,0,0,0,1732296.2,1630710.5,
1546,494.15602048707433,7.4984007,,,,,,,,,,,899473.06,912222.25,856002.6,0,900142.75,842627.56,906656.9,941103.06,839395.7,712896.6,762736.7,780404.1,0,1506193.6,0,0,0,876136.4,829723.0,
1547,357.14886596607465,7.497939,,,,,,,,,,,2525445.8,2429610.0,2639413.5,2440648.2,2516402.2,2552186.0,2392442.0,2352971.2,2244009.8,2373767.5,2373005.0,2490197.8,2193907.2,2794479.0,2271613.8,2395565.8,2120876.8,2420421.8,2734010.2,
1548,449.15821613826955,7.4979634,,,,,,,,,,,798089.94,817248.2,742304.0,826612.6,757941.9,773647.7,816180.06,708440.44,681202.6,630679.94,675639.44,729436.44,1323774.2,1242962.6,940049.44,915343.56,708284.6,781312.44,846643.4,
1549,286.3119862606619,7.497115,,,,,,,,,,,529303.75,748148.5,502497.8,966753.06,567310.94,828794.06,637880.9,546338.06,606965.94,718629.06,509617.03,523605.34,1218958.5,1035521.75,939720.25,676852.06,600116.56,535849.0,539135.06,
1550,474.2129435870835,7.50088,,,,,,,,,,,1019280.9,987972.9,996475.4,0,967791.4,941267.6,990900.2,1004472.1,917053.9,844524.06,911326.5,960722.0,0,1428894.1,0,0,0,966673.3,971651.94,
1551,451.1587999306379,7.5108185,,,,,,,,,,,1199300.6,1089007.8,1265225.2,0,1188756.2,1197519.0,1188547.1,1203674.8,1057734.6,1001794.1,1106068.1,1151691.6,0,1497736.8,0,0,0,1108746.6,1303054.1,
1552,298.27607205639345,7.5033174,,,,,,,,,,,884902.9,1265436.4,1066541.6,566008.44,1298220.8,1291075.6,1429668.5,1269899.8,473261.78,1293434.8,0,0,0,0,411314.25,432073.4,443700.28,1058127.5,989366.1,
1553,357.1490769730802,7.506758,,,,,,,,,,,2500037.8,2371118.0,2785642.5,2278086.0,2541009.2,2420229.5,2399610.8,2379540.8,2258895.0,2355280.0,2450395.2,2645372.2,0,2792017.5,0,0,0,2351652.8,2771753.5,
1554,298.2756672799048,7.528021,,,,,,,,,,,904770.25,0,1108337.6,1444134.5,1375462.4,0,1506782.4,1331017.8,1290910.1,1352637.2,0,0,0,0,1141472.9,1257594.5,1155816.5,0,1009711.56,
1555,399.3603474261844,7.525805,,,,,,,,,,,308925.66,341089.7,278201.4,345175.3,351945.12,460516.16,348616.66,283291.1,292333.56,274082.88,266867.97,257867.45,3584948.8,685566.06,504399.1,403146.34,406517.6,369785.75,307439.88,
1556,282.28079622352334,7.525738,,,,,,,,,,,576811.6,757003.94,691398.56,902019.3,792580.1,786978.06,865610.94,746563.7,720577.2,771050.75,0,0,134732.14,0,745337.6,763241.1,711172.1,672219.0,623578.25,
1557,296.2963976130739,7.525127,,,,,,,,,,,217656.53,274368.5,210158.9,259178.06,311156.88,0,269981.03,230256.31,219433.92,235707.06,207641.2,183115.86,2736677.8,526733.4,360310.88,313638.94,300326.0,255351.69,229702.77,
1558,282.2805949810519,7.5247717,,,,,,,,,,,562841.56,0,772298.3,873943.9,853641.3,0,898037.3,779740.6,756588.06,824183.9,0,0,134732.14,0,704370.3,719002.1,706990.44,0,625474.3,
1559,736.1575593336312,7.534012,,,,,,,,,,,0,0,0,0,0,0,0,0,0,0,0,0,1173623.8,0,0,0,0,0,0,
1560,269.2122159384426,7.544371,,,,,,,,,,,417181.56,542184.5,344790.22,547563.9,469004.7,437872.06,563335.6,423391.84,336883.88,366154.16,317923.62,282560.53,879329.4,867921.0,971666.2,915569.7,895607.44,678019.6,547641.56,
1561,706.8073865417563,7.5687594,,,,,,,,,,,0,0,0,120082.0,0,0,0,0,0,0,0,0,1403793.9,229707.36,210116.69,165333.19,155033.64,0,0,
1562,163.07641354479574,7.5957627,,,,,,,,,,,950285.3,795510.06,693746.8,853243.1,780517.9,770175.7,843941.8,927650.75,995704.25,736188.2,712391.4,687931.1,1655351.1,1645157.9,1404382.4,1227024.8,1107548.4,1024791.94,702717.44,
1563,365.1378596364403,7.596157,,,,,,,,,,,1015906.94,874466.9,770433.9,1066917.9,857993.1,821959.75,925338.44,809608.7,1010589.56,763812.5,760881.06,772992.2,1255491.9,1688002.5,1297364.5,1297260.4,1125213.4,1082857.9,737047.9,
1564,365.1377662344059,7.6125894,,,,,,,,,,,1015906.94,0,906400.0,962257.94,1021141.75,463141.97,1133793.2,906902.94,1010589.56,943565.2,898788.9,858660.25,1255491.9,1688002.5,1008580.6,1297260.4,947940.7,860906.94,955345.44,
1565,394.3313236429096,7.568386,,,,,,,,,,,783224.9,480381.44,379822.06,566662.8,549714.3,571142.6,832901.6,774915.44,459149.66,251230.7,174305.61,163164.52,430005.38,415354.22,1006705.56,900712.0,980736.7,979480.8,892793.2,
1566,291.25452747829934,7.568838,,,,,,,,,,,263378.06,332395.9,286258.66,381449.7,285153.22,304882.9,329247.47,353343.8,235680.14,233379.4,216542.2,218873.72,1609038.8,945876.6,712441.25,602051.6,583882.94,473116.84,421797.0,
1567,258.2443880730235,7.576072,,,,,,,,,,,655870.8,816153.44,962444.25,2477138.5,390290.84,1442684.6,340101.8,1044783.7,1252183.4,710867.06,0,0,0,0,1430184.0,1709754.9,1358235.8,1324603.1,1085285.5,
1568,258.24426034413165,7.577197,,,,,,,,,,,753668.75,0,1061252.5,2304727.8,461137.9,0,418316.03,1102702.5,1223091.2,795429.06,0,0,0,0,1312423.4,1476670.5,1295745.9,1341885.1,1132982.6,
1569,691.7978472711764,7.5799255,,,,,,,,,,,0,0,0,0,0,0,0,0,0,0,0,0,1436910.5,235416.58,183500.66,166655.28,135524.27,0,0,
1570,295.2285237834182,7.5909557,,,,,,,,,,,174317.58,1756460.0,189869.2,879212.25,1139854.0,953482.8,800178.8,727974.25,161361.11,1649981.0,166663.19,178903.81,0,234642.33,635265.7,688663.75,699146.25,620014.6,622496.5,
1571,396.33385247052,7.587845,,,,,,,,,,,273460.16,323504.0,273622.7,350474.94,322238.7,291559.62,321708.97,293687.47,276982.5,271076.9,234998.83,276563.9,1803647.1,850279.6,485221.16,420423.8,377765.7,265511.94,260517.7,
1572,352.30764712568435,7.5703073,,,,,,,,,,,216402.94,0,266624.47,295320.9,262007.98,266305.75,272626.6,287615.72,236150.98,239400.95,234954.44,244159.1,1721066.2,832364.25,439448.3,352903.38,311736.16,244457.69,242036.33,
1573,317.2106259549958,7.603866,,,,,,,,,,,0,1994114.5,0,770005.75,1114590.0,991204.9,719492.6,620333.75,725037.9,1532097.1,0,0,121918.71,0,525810.56,603773.5,624417.56,565857.94,472875.25,
1574,163.07639049939343,7.6046014,,,,,,,,,,,814456.56,1280704.1,900123.75,1158508.4,1036765.4,1192028.0,1048083.25,747554.3,726259.9,921790.75,950176.06,924370.25,1465880.2,1500220.4,946775.1,937977.2,900486.2,771755.2,903549.0,
1575,277.2179684435999,7.6023183,,,,,,,,,,,134065.92,1728606.8,145031.8,830335.75,1119589.9,922965.44,748485.06,748379.8,815497.0,1583209.9,135495.8,162366.66,0,186418.31,0,0,0,607085.3,578152.25,
1576,277.2177833651223,7.6036315,,,,,,,,,,,134065.92,1829533.4,145031.8,829981.0,1116450.8,1006889.7,744894.9,678210.56,819198.44,1545772.5,135495.8,162366.66,209560.42,179102.39,582898.0,630600.56,579984.5,631842.75,546551.06,
1577,295.2284503320153,7.6086564,,,,,,,,,,,173128.48,1927333.5,189869.2,854716.9,1120119.9,1037567.44,786854.5,682833.1,823399.6,1573842.6,169771.28,171539.22,253909.97,234642.33,591179.75,675837.9,612726.4,624273.94,604472.8,
1578,296.2601280857374,7.61403,,,,,,,,,,,774786.0,1326643.8,985705.0,1628318.6,1369755.6,1358402.8,1489804.6,1599781.5,1528205.5,1286991.0,0,0,212910.22,0,1205685.6,1119306.1,1185002.1,1039909.3,920674.2,
1579,296.2599868327853,7.6156044,,,,,,,,,,,819764.8,0,1029127.3,1536441.1,1395867.4,0,1526922.4,1607422.4,1740819.2,1353963.2,0,0,212910.22,0,1136631.2,1062695.2,1180248.0,1081326.8,962693.5,
1580,365.1378342984709,7.6153708,,,,,,,,,,,855597.8,1175849.5,915454.25,1098359.0,1020864.5,1108680.2,1075090.6,887798.9,786740.75,896616.3,907849.75,861604.94,1190465.2,1379411.1,1240750.0,956744.4,1095887.8,875778.5,937711.94,
1581,318.24220340754437,7.6144433,,,,,,,,,,,353341.4,904763.25,521634.1,967230.94,754460.06,823065.3,774832.44,835481.6,815229.44,755598.06,0,0,0,0,605324.0,630669.94,645830.5,606898.4,535244.8,
1582,792.4935224719666,7.6166906,,,,,,,,,,,0,2811141.0,0,809308.06,991195.6,1286965.5,175194.95,150291.27,506183.84,1829996.1,0,0,0,0,579741.1,605077.9,707243.06,610737.0,606127.25,
1583,797.4491661816669,7.6167226,,,,,,,,,,,0,3725408.2,0,860569.0,1046327.44,1390606.1,185744.88,0,502316.7,1685203.2,0,0,0,0,540917.7,508086.28,619920.7,646712.94,593826.6,
1584,597.4293451425788,7.626135,,,,,,,,,,,393788.28,464106.44,348769.53,456336.97,404962.62,405841.47,404730.25,365847.9,377191.84,347972.75,349492.44,373782.47,2015582.4,792808.75,722292.7,473169.56,433661.6,435260.34,372873.28,
1585,641.4444981505796,7.62884,,,,,,,,,,,0,0,0,5794911.5,4533987.5,0,746786.7,989817.1,2574755.2,5025828.5,0,0,0,0,2936486.5,3231245.2,2825693.0,0,3170971.2,
1586,982.5785063778942,7.628831,,,,,,,,,,,0,0,0,6838287.0,4640770.5,0,891975.56,1049348.9,2685449.2,5973250.5,0,0,0,0,3246158.8,3872782.8,3430544.5,0,3453091.5,
1587,987.5341149185468,7.6299624,,,,,,,,,,,0,0,0,2163795.2,1819576.0,0,311719.72,402772.78,1115048.1,1956210.2,0,0,0,0,1004476.94,1068828.9,1054121.2,1358801.5,1332250.4,
1588,623.4343214535568,7.629699,,,,,,,,,,,0,2445615.5,0,1235978.5,915203.25,1595585.8,179843.7,228768.23,514980.72,955887.0,0,0,0,0,651812.1,773736.25,617130.94,700723.5,649301.94,
1589,982.579270257854,7.6296864,,,,,,,,,,,0,1.4421864E7,0,6441126.0,4385059.0,8754787.0,812067.44,989946.0,2477224.2,5662665.0,0,0,0,0,3390432.5,3544548.2,3685958.5,3329648.0,3266891.5,
1590,641.4450192664425,7.6296864,,,,,,,,,,,0,1.2615041E7,0,5621628.0,4138569.5,7918207.0,664191.6,911212.44,2352031.5,4845490.5,0,0,0,0,3168346.2,3728427.8,3017452.0,3058536.0,2944087.2,
1591,987.534633965008,7.62969,,,,,,,,,,,0,4947264.5,0,2351963.0,1622423.2,3107311.5,311719.72,376286.4,983719.4,1905870.1,0,0,0,0,1013112.44,1240608.9,1074184.9,1247154.9,1253913.6,
1592,365.1381080970459,7.6363363,,,,,,,,,,,1015906.94,1052169.4,906400.0,0,1021141.75,1033960.94,1133793.2,906902.94,1010589.56,943565.2,898788.9,858660.25,0,1688002.5,0,0,0,1060019.4,955345.44,
1593,311.25956420342334,7.6532826,,,,,,,,,,,0,0,0,7758578.0,8448324.0,0,6340569.0,6084255.5,7170286.5,7325163.5,0,0,0,0,2834632.0,3010077.2,2974390.5,3165565.2,3385470.5,
1594,505.25602720017685,7.652776,,,,,,,,,,,0,0,0,1210825.8,1312355.0,0,941202.3,922104.2,1133850.4,1083754.1,0,0,0,0,441862.97,447633.94,428075.44,0,488696.97,
1595,163.07639305921862,7.639108,,,,,,,,,,,915240.7,1280704.1,890012.06,1102554.9,1018712.06,1072234.1,1087049.9,945923.9,946143.06,1008019.8,923753.8,910716.3,2101490.5,1627816.1,1225881.4,1238714.5,1120402.1,969339.5,940073.5,
1596,465.2637816808219,7.6536255,,,,,,,,,,,0,0,0,997479.94,1090206.4,0,821424.75,833192.94,971261.5,1048844.9,0,0,0,0,387658.25,384099.84,361938.28,0,451422.9,
1597,365.1378284397256,7.6382046,,,,,,,,,,,978875.4,1175849.5,906400.0,1066917.9,1021141.75,1108680.2,1133793.2,906902.94,965897.7,943565.2,898788.9,858660.25,1663688.8,1569047.4,1297364.5,1320848.1,1125213.4,1082857.9,955345.44,
1598,311.25974151048996,7.6539645,,,,,,,,,,,0,6285183.5,0,7759564.5,8262916.5,7383402.0,5972187.0,5752485.5,6706946.0,7159272.5,0,0,0,0,2989744.2,2994898.8,2960580.8,3002385.5,3160001.2,
1599,465.2641978130798,7.654622,,,,,,,,,,,0,826712.2,0,1008085.1,1072914.9,969051.7,782587.1,803073.0,905623.2,1023153.5,0,0,0,0,416868.97,401926.22,372595.6,382266.3,427307.25,
1600,505.2564855852009,7.653312,,,,,,,,,,,0,945329.56,0,1200569.1,1302556.2,1140788.1,890155.4,867150.75,1053548.2,1090152.8,0,0,0,0,462443.94,456116.2,442106.22,458121.44,467133.56,
1601,399.25282313590867,7.6699452,,,,,,,,,,,1923940.5,1789176.8,1919263.8,0,1942866.5,1825312.5,1810012.1,2089423.4,2121152.8,2043602.5,0,2252701.0,0,3423796.5,197354.25,0,0,1898613.5,2181093.0,
1602,399.25250135676305,7.6684103,,,,,,,,,,,1778594.5,1896665.2,1834211.5,1838068.4,1884388.8,1847376.9,1775760.5,1919265.8,1989427.1,1961072.2,2132358.5,2250874.5,4901985.5,3296722.0,1906868.5,1958916.4,1827423.9,2018757.6,2036397.9,
1603,620.4399612296876,7.67226,,,,,,,,,,,0,0,0,0,0,0,348159.94,263579.8,368340.22,0,292684.8,315260.47,445660.97,449775.5,732285.56,1183158.8,548155.0,502065.5,365572.25,
1604,298.2758602770942,7.6799636,,,,,,,,,,,468442.97,648499.2,550171.25,696954.7,620188.75,663305.06,702735.5,671601.7,648094.0,628751.75,0,0,0,0,578098.3,633272.56,546311.44,505903.94,506630.53,
1605,576.4132321158854,7.6887817,,,,,,,,,,,153145.12,0,158247.55,171691.78,222751.03,0,344843.25,324502.78,374084.8,0,543667.44,562692.3,789104.1,727117.1,1275798.4,1970456.8,905841.6,943161.25,577407.4,
1606,454.2954638803011,7.694199,,,,,,,,,,,0,3105088.2,0,4959572.0,5631088.5,3816440.8,5590621.5,4410249.0,4340204.5,3853106.5,0,0,0,0,1500496.6,1736429.1,1722392.2,1695734.1,1693582.2,
1607,454.2951990988573,7.6945806,,,,,,,,,,,0,0,0,4769806.5,5602101.5,0,5986378.5,4574338.0,4214904.5,4122629.8,0,0,0,0,1446416.8,1669984.2,1681083.2,1778495.8,1731870.4,
1608,532.3878025160192,7.702264,,,,,,,,,,,173509.81,347703.06,149153.67,0,195520.86,200517.31,362477.34,294435.38,375521.75,128242.61,862890.5,842540.5,0,1028148.0,0,0,0,1138839.6,767353.06,
1609,532.3873273903205,7.702854,,,,,,,,,,,173509.81,377362.84,149153.67,215706.64,195520.86,200517.31,342023.6,288003.1,355835.34,128242.61,833948.94,824084.56,1098556.5,993379.25,1388649.4,2672573.2,1085736.1,1190232.9,738499.56,
1610,319.1461063516341,7.711698,,,,,,,,,,,0,1098440.1,0,510310.9,496730.2,590314.1,280648.12,257897.84,221383.67,489512.0,0,0,0,0,0,0,0,312138.1,294208.4,
1611,488.3606488424308,7.7167287,,,,,,,,,,,162672.8,0,155746.5,196748.34,186896.77,0,280810.38,283467.12,308263.12,0,987648.1,978516.4,1168747.9,1192486.5,1465440.9,3487658.5,1443803.6,1396005.4,881400.8,
1612,444.3347560317534,7.7197614,,,,,,,,,,,149827.95,229615.6,132702.16,0,141302.3,136333.58,216196.47,299115.78,296014.16,0,1069890.5,1072380.0,0,1308054.1,0,0,0,1231569.6,663427.8,
1613,488.3611123967998,7.7160134,,,,,,,,,,,162672.8,312234.88,155746.5,0,186896.77,160335.02,280810.38,292311.06,308263.12,0,1050878.4,1042110.9,0,1253328.8,1386329.1,3584007.2,0,1352791.2,923330.4,
1614,400.30749926822915,7.7201304,,,,,,,,,,,0,0,0,0,0,0,142536.23,206667.28,182287.66,0,475456.28,477195.44,618717.75,579811.75,343320.0,1692044.4,666681.5,618750.7,313014.56,
1615,444.33421620303625,7.722091,,,,,,,,,,,149827.95,0,132702.16,171309.48,141302.3,0,216196.47,299115.78,296014.16,0,1021327.4,1009730.75,1219223.6,1220485.1,1078844.2,3087065.0,1355469.1,1272592.4,660444.2,
1616,496.3423950183769,7.7298656,,,,,,,,,,,0,6506641.0,0,8552438.0,9617478.0,6820680.0,8204355.0,6525111.0,7272291.5,6041865.0,0,0,0,0,2808223.2,2905083.2,3178344.2,3025114.8,3075867.0,
1617,496.341954298607,7.729918,,,,,,,,,,,0,0,0,8127029.5,1.0235026E7,0,8862602.0,7053311.0,7555549.5,6263903.0,0,0,0,0,2773758.0,2976280.2,3033642.8,0,3186730.2,
1618,295.2286787806624,7.726095,,,,,,,,,,,168007.64,1621019.0,189869.2,0,1954942.1,1741654.5,1879310.4,1881960.2,2062015.0,1771151.1,0,158135.33,0,241597.44,0,0,0,818043.8,848099.94,
1619,277.2175162609476,7.742806,,,,,,,,,,,0,0,134315.17,1758871.1,1614825.0,0,1497944.4,1522478.0,1883602.4,1528140.8,0,0,187834.75,172927.1,711590.4,773355.2,667879.25,0,724057.94,
1620,277.21772589641955,7.741924,,,,,,,,,,,0,1307844.9,134315.17,1939636.5,1473643.8,1495946.8,1508057.4,1533959.9,1658070.2,1391396.8,0,0,187834.75,172927.1,783127.9,842745.0,644896.3,689876.1,687593.5,
1621,295.2283971575478,7.732011,,,,,,,,,,,168007.64,1726343.8,189869.2,2054472.0,1833885.2,1778931.9,1857622.1,1799092.2,1917879.5,1634441.2,123619.9,158135.33,272460.66,236236.02,858747.4,886622.56,809406.1,867724.2,811580.3,
1622,813.4225370021511,7.754413,,,,,,,,,,,0,4048217.8,0,1994743.1,1015760.0,2057690.5,249615.52,307049.8,391622.56,827440.2,0,0,0,0,932240.8,960021.25,1020190.56,621598.75,573823.75,
1623,595.4020197621661,7.754097,,,,,,,,,,,0,4122972.5,0,1585414.8,1178291.4,0,267089.3,404338.94,570709.2,1248132.6,0,0,0,0,824038.7,950948.94,904558.8,0,888942.56,
1624,792.4929703578825,7.754097,,,,,,,,,,,0,3.2474254E7,0,1.3531586E7,1.0026657E7,0,1645325.2,3359953.0,4982913.0,9903410.0,0,0,0,0,7172486.5,7302831.0,7408234.5,0,6357284.0,
1625,813.4218679579496,7.7552023,,,,,,,,,,,0,0,0,1718156.9,1074322.5,0,249615.52,307049.8,418205.6,954043.75,0,0,0,0,1098129.6,1029157.4,1003150.2,0,624647.06,
1626,775.4669391495437,7.7537723,,,,,,,,,,,0,3362227.8,0,1691461.4,1125455.2,2069443.1,176000.83,364893.0,511401.84,1075550.1,0,0,0,0,734830.94,872765.94,796100.5,736311.8,688562.25,
1627,613.4126416662746,7.7543554,,,,,,,,,,,0,0,0,2.1271152E7,1.6157909E7,0,2839180.2,5273357.0,7774434.5,1.5656033E7,0,0,0,0,1.0822823E7,1.1664723E7,1.1483993E7,0,1.1194676E7,
1628,820.5248477922373,7.754424,,,,,,,,,,,0,3230193.0,0,1351259.4,793298.75,1751311.5,183594.7,264961.22,364262.0,810161.6,0,0,0,0,534282.4,755587.25,712126.44,528157.25,585093.44,
1629,595.402361178605,7.7537723,,,,,,,,,,,0,3850301.8,0,1671002.4,1130136.0,2279340.0,267089.3,390319.3,528541.0,1125015.0,0,0,0,0,769887.94,888115.0,943712.44,795308.06,823863.0,
1630,613.4131402637175,7.7537723,,,,,,,,,,,0,4.7336988E7,0,2.2713056E7,1.477841E7,2.9248794E7,2746246.0,5007562.0,7091320.5,1.4342663E7,0,0,0,0,9864432.0,1.2919253E7,1.159639E7,9942316.0,1.0132183E7,
1631,792.4933799620474,7.7537723,,,,,,,,,,,0,3.0425558E7,0,1.4838541E7,9470550.0,1.8599672E7,1615212.2,3134136.8,4650850.5,9302007.0,0,0,0,0,6406452.0,6907916.5,7888937.5,6211618.0,5931846.5,
1632,775.466498455705,7.7542176,,,,,,,,,,,0,0,0,1523732.2,1208521.5,0,176000.83,384457.28,566369.06,1112887.4,0,0,0,0,691640.44,806968.94,793905.75,751283.6,708540.4,
1633,797.4487090326604,7.7544117,,,,,,,,,,,0,3.779231E7,0,1.4885845E7,8919844.0,1.906984E7,1888700.9,2339549.0,3290360.2,7344206.0,0,0,0,0,7010928.0,8000861.0,8023062.0,5288987.5,4834534.0,
1634,581.4343550293416,7.7658687,,,,,,,,,,,1157781.5,1333306.6,1144403.8,1327279.9,1355159.4,1229617.5,1413459.2,1165892.1,1054271.9,1130535.5,1104914.0,1040348.1,0,2477235.0,2150421.0,0,0,1102531.4,1165418.4,
1635,581.4340377687539,7.7665205,,,,,,,,,,,1082683.1,1429537.6,1125876.9,1327850.2,1253978.0,1266128.5,1282135.2,1134648.9,1039829.9,1072763.9,1055573.1,1026344.06,2541995.8,2342660.8,2209835.0,1451684.0,1417949.1,1163381.1,1163430.4,
1636,394.33173129700737,7.7749805,,,,,,,,,,,1193680.1,780385.7,388958.25,0,972003.8,846507.5,1534812.5,1188737.5,578981.9,283104.5,0,0,0,369155.47,0,0,0,1525189.0,1899756.4,
1637,372.3494933563209,7.7746205,,,,,,,,,,,1036276.4,628981.6,386229.28,0,720238.9,696370.25,1278372.4,1141340.4,515319.84,277597.25,140458.25,0,0,415675.6,0,0,0,1334952.2,1492749.8,
1638,320.25786219145203,7.777748,,,,,,,,,,,1173591.6,1980282.4,1115345.0,1992977.8,1891302.2,1924855.8,1952634.5,1471718.1,1610165.4,1843347.4,0,0,0,0,315033.62,1424228.4,1442024.5,1378331.0,1217760.9,
1639,394.3313184714267,7.775474,,,,,,,,,,,1167633.8,801460.2,368766.7,928323.6,906192.8,876700.94,1542396.1,1163073.2,522151.0,283104.5,0,0,679057.94,321070.75,1818465.0,1813430.1,1913270.8,1440939.0,1640497.1,
1640,372.34913059891414,7.7758636,,,,,,,,,,,1044968.75,703993.7,408117.06,758616.06,697571.94,706943.3,1238985.8,1081130.2,490371.53,277597.25,140458.25,139919.34,614924.9,402743.22,1605992.1,1575229.5,1604356.6,1399660.0,1352268.6,
1641,492.18506634540023,7.7830997,,,,,,,,,,,1125228.0,1195649.5,917544.6,1485637.0,1081060.0,1217806.5,1256539.0,1067770.5,1056768.5,1108529.4,955645.75,1014841.25,1700207.8,1699997.8,1316097.5,1311038.4,1194367.0,1223254.2,1013665.0,
1642,298.27580756214815,7.7850385,,,,,,,,,,,2162155.5,3100244.8,2219422.0,3506407.8,2989755.5,3140494.2,3369167.8,2813685.2,2841012.5,3016742.8,0,0,0,0,2908742.0,2712450.2,2482590.2,2269399.8,2139586.0,
1643,298.27556358265,7.784262,,,,,,,,,,,2403638.0,0,2357481.5,3430083.5,2962697.2,0,3670110.0,2847872.2,2891187.0,3297838.0,0,0,0,0,2630936.0,2572039.2,2449612.0,0,2077178.9,
1644,269.21275051438386,7.7864695,,,,,,,,,,,2056817.2,2370745.5,1688882.6,0,2135853.0,2017139.9,2461011.8,1657899.5,1674618.5,1926484.5,1574254.2,1536670.0,0,3807809.2,0,0,0,1939862.8,1477437.6,
1645,286.239358943804,7.792032,,,,,,,,,,,1899254.4,2229413.2,1598323.4,0,1972199.9,2007079.5,2386232.0,1711289.9,1666973.6,1681280.1,1499903.8,1523245.0,0,3672403.0,369069.44,231857.89,0,1816535.6,1512691.9,
1646,357.14913220430856,7.7914667,,,,,,,,,,,1577603.9,1288244.4,1557311.8,0,1464707.4,1487149.8,1593848.1,1657435.2,1404539.6,1529684.9,1629525.2,1596683.1,0,2017448.9,0,0,0,1487379.1,1558744.0,
1647,357.1488643898806,7.788934,,,,,,,,,,,1484218.8,1383584.9,1499555.1,1485155.2,1462307.2,1601376.8,1593772.4,1645220.5,1389431.4,1513527.9,1671323.0,1563811.1,1685276.4,1964651.6,1337963.2,1319311.4,1399345.5,1547818.9,1558744.0,
1648,269.2124979433382,7.789648,,,,,,,,,,,1787733.2,2212676.0,1561447.0,2532450.8,2090555.9,2015979.1,2359031.0,1633939.8,1588614.0,1696506.5,1548300.2,1455198.2,3845152.2,3612773.5,2452701.8,2613641.2,2464859.0,2038491.1,1505380.8,
1649,286.23919013222394,7.789648,,,,,,,,,,,1717892.6,2113048.2,1490592.5,2519784.5,2005847.8,2057041.2,2357509.5,1646554.9,1539368.1,1575430.9,1473906.4,1441076.6,3788222.8,3537422.5,2439687.0,2604598.2,2497356.0,1832343.5,1498285.8,
1650,314.2705551994542,7.7905297,,,,,,,,,,,724073.7,589188.56,793581.3,719444.56,583974.75,618285.2,738264.56,745486.6,695914.25,653295.75,843138.25,856359.44,516530.1,773097.56,634041.94,716069.7,717158.25,684691.94,725586.06,
1651,402.35965578863403,7.7960467,,,,,,,,,,,1.1895227E7,1.3643404E7,1.091339E7,2158840.5,1.312924E7,1.6981176E7,1.4522998E7,1.1484804E7,1.1151523E7,1.1876674E7,4697742.5,1.0477532E7,0,4.1993916E7,2596494.0,0,2459611.5,1.1902895E7,1.0781102E7,
1652,402.35943445494274,7.7984557,,,,,,,,,,,1.182793E7,1.5095924E7,1.0470765E7,1.4743934E7,1.2251879E7,1.789112E7,1.3970029E7,1.117556E7,1.0715435E7,1.1071357E7,1.081496E7,1.007468E7,7.345752E7,3.982441E7,2.740752E7,1.7667032E7,1.548275E7,1.193451E7,1.070948E7,
1653,283.26466391028526,7.7984595,,,,,,,,,,,921455.9,1167487.6,797021.8,1142220.6,990346.06,1358227.0,1037622.75,858839.56,801791.8,843497.6,800820.4,751556.1,5721840.0,3277325.8,2032073.2,1388549.1,1171049.9,959714.06,800352.44,
1654,320.2578037557005,7.788838,,,,,,,,,,,1332653.2,1990379.5,711874.25,1994022.4,1875910.8,0,2161484.8,1477302.0,1670172.4,2109429.5,0,0,0,0,1423080.9,1377940.8,1370852.9,1617938.0,1299453.5,
1655,641.445148449953,7.797869,,,,,,,,,,,0,1258553.5,0,451976.12,410837.6,677083.0,0,0,256171.06,833493.8,0,0,0,0,274176.0,329226.72,325012.8,274833.44,0,
1656,332.33301629957174,7.804373,,,,,,,,,,,1557888.8,2269369.2,1437253.8,1135988.5,2559521.5,2102737.0,1853727.1,1621990.9,1590609.8,3245102.2,1392050.8,1239968.6,0,3109770.2,0,0,0,2035770.2,1959480.6,
1657,867.460660149516,7.797961,,,,,,,,,,,0,3528959.2,0,1341853.6,1201851.1,1972557.9,226211.47,204668.3,655197.44,2380114.5,0,0,0,0,852663.9,954393.1,956539.25,858471.56,802641.75,
1658,884.4873785900196,7.797362,,,,,,,,,,,0,2413479.0,0,890645.75,812059.06,1368202.5,148615.4,0,441411.75,1582029.2,0,0,0,0,661603.7,679299.6,677641.94,557546.5,557658.6,
1659,357.1459473350316,7.8081474,,,,,,,,,,,0,0,0,0,0,0,0,0,0,0,0,0,0,0,0,0,0,0,1541109.2,
1660,332.33274111516704,7.8091598,,,,,,,,,,,1484396.8,2263584.8,1379332.8,4411662.0,2533626.0,2152782.0,1738833.8,1519954.0,1510431.1,3069525.8,1253134.4,1229359.2,3336922.2,2988154.2,3200124.8,2235478.8,2275603.5,2237214.8,1843109.2,
1661,367.2077095781261,7.8167515,,,,,,,,,,,0,0,0,0,0,0,0,0,0,0,0,0,0,0,0,0,0,0,784552.2,
1662,367.2111369023151,7.818922,,,,,,,,,,,0,0,198421.47,345441.2,151179.52,271230.25,357802.06,267459.9,0,154120.88,0,0,0,0,1124613.8,951381.2,924835.0,843045.5,0,
1663,277.21777281435453,7.854673,,,,,,,,,,,140778.16,857083.0,160216.36,1367880.4,962015.06,925414.2,741290.75,885020.1,1245802.9,976018.44,152037.64,161699.67,251618.77,181186.6,520275.72,535165.8,473167.75,506217.4,0,
1664,277.217594151283,7.855972,,,,,,,,,,,140778.16,0,160216.36,1415017.1,994227.1,0,765120.06,937199.44,1264027.9,1050937.4,152037.64,161699.67,251618.77,181186.6,499412.4,484146.38,469597.44,0,0,
1665,295.22842343842484,7.857026,,,,,,,,,,,196760.92,1049074.8,225530.88,1625358.6,1086291.9,1108777.1,843693.7,1074706.1,1425265.5,1105161.8,212916.11,213686.45,294609.12,245863.11,588038.06,582291.75,570462.44,667497.8,0,
1666,149.02259806027848,7.8602886,,,,,,,,,,,0,0,0,0,0,0,0,0,0,0,0,0,0,0,0,0,0,0,2115623.8,
1667,279.1573322493942,7.8602886,,,,,,,,,,,0,0,0,0,0,0,0,0,0,0,0,0,0,0,0,0,0,0,3140053.5,
1668,301.1391715055443,7.8602886,,,,,,,,,,,0,0,0,0,0,0,0,0,0,0,0,0,0,0,0,0,0,0,1209334.9,
1669,324.2146730518343,7.8602886,,,,,,,,,,,0,0,0,0,0,0,0,0,0,0,0,0,0,0,0,0,0,0,750780.3,
1670,149.02433042837944,7.8669486,,,,,,,,,,,3193319.0,2076394.5,2068664.0,1900154.8,2141882.5,2385698.0,2476925.5,1824664.1,2104828.0,2012556.8,1213627.5,1162820.4,1587228.6,2227066.0,2526521.5,2523556.0,2302909.2,2335761.0,0,
1671,324.21850296472167,7.8630943,,,,,,,,,,,901145.25,615607.8,686209.3,552997.7,584812.6,590482.3,652473.8,734504.0,659015.06,673717.0,515373.9,542154.7,0,324157.88,541250.8,677280.06,626779.56,632700.44,0,
1672,279.1606204854538,7.8620796,,,,,,,,,,,4892752.0,3035230.5,2961809.2,3409547.5,3176280.0,3195458.0,3625230.8,2998973.8,3148921.8,3289500.2,1697534.0,1757650.2,0,2299854.0,3827136.0,4099916.5,3867799.0,3341073.2,0,
1673,301.1426686858695,7.8731503,,,,,,,,,,,2094106.9,1474540.6,1114405.5,1305736.5,1288756.0,1322751.0,1569429.1,1297290.8,1198061.1,1124543.5,580896.8,632319.2,872002.8,843690.2,1129177.2,1066856.4,1497018.8,1417157.5,0,
1674,301.1426696019465,7.871126,,,,,,,,,,,2120163.8,1389416.8,1155499.9,1354092.9,1347886.4,1261100.8,1661135.0,1336729.8,1222046.1,1221190.8,625069.94,645001.4,888398.7,854951.9,1668488.6,1662781.2,1536652.5,1329635.6,0,
1675,279.16056459815667,7.871158,,,,,,,,,,,4892752.0,3050223.0,2961809.2,3409547.5,3176280.0,3336953.8,3625230.8,2998973.8,3148921.8,3289500.2,1699781.5,1757650.2,2529571.2,2359275.0,3752226.2,3838016.2,3659915.0,2328354.0,0,
1676,301.14266104046743,7.869276,,,,,,,,,,,2120163.8,1474540.6,1155499.9,1354092.9,1347886.4,1322751.0,1661135.0,1336729.8,1222046.1,1221190.8,641409.0,645001.4,888398.7,879130.8,1612770.4,1526932.4,1536652.5,1051083.1,0,
1677,279.16057917014734,7.8857903,,,,,,,,,,,4642907.5,3050223.0,2763391.8,1886113.1,3106060.8,3336953.8,3564179.0,2925209.2,3011090.5,3074304.8,1572974.9,1730216.8,2438955.0,2251362.8,2655366.2,2643192.5,2441889.8,3445933.5,0,
1678,284.3293144262585,7.8951173,,,,,,,,,,,0,0,0,0,0,0,0,0,0,0,0,0,0,0,0,0,0,0,6382694.5,
1679,383.2012757299749,7.8951173,,,,,,,,,,,0,0,0,0,0,0,0,0,0,0,0,0,0,0,0,0,0,0,1782011.1,
1680,383.20608443953813,7.8965664,,,,,,,,,,,1467037.9,1934449.0,1735268.5,0,2445004.2,1741447.9,1831114.9,1897249.9,1787559.0,1434330.1,1050599.0,1029423.2,0,1890068.1,0,0,0,1895356.6,0,
1681,383.2057626854936,7.8998237,,,,,,,,,,,1392479.0,2062953.1,1643978.8,1787298.9,2431836.0,1961850.9,1742190.0,1783635.6,1607134.8,1361983.9,1059094.1,982741.9,2902103.2,1748300.5,2004212.8,2082056.4,1955748.1,2083279.1,0,
1682,284.33288164494775,7.9017873,,,,,,,,,,,3572010.8,2.014478E7,3123730.2,0,1.2253173E7,5925137.5,1.2198116E7,3909108.5,3920814.5,7222977.5,2228379.0,2186359.8,0,5231707.0,0,0,0,6420033.0,0,
1683,223.06505193269243,7.901267,,,,,,,,,,,490399.0,682469.0,356616.38,409175.34,533445.4,533885.7,454156.25,461803.66,368624.9,307993.44,428936.06,366008.6,1446920.1,1853773.1,920434.7,1288242.8,878627.75,547908.9,0,
1684,297.08424170545777,7.901045,,,,,,,,,,,324309.88,457310.62,237213.16,302574.72,377037.94,0,273419.34,285804.56,274253.53,217248.47,249914.22,245121.19,994604.06,1239204.4,614759.25,818573.25,569935.7,370318.22,0,
1685,149.02433071446364,7.905343,,,,,,,,,,,3067817.5,1682251.8,1891381.2,1778231.2,1740952.2,2155784.5,2313596.0,1895876.0,1617633.4,1557132.5,1536008.8,1393340.2,2265882.0,2100061.2,2439936.0,2576631.5,1967289.6,2087777.5,0,
1686,284.33264590685326,7.9101005,,,,,,,,,,,3533483.2,2.006641E7,2931186.2,6954978.5,1.2035553E7,6112486.5,1.2135769E7,3718409.2,3947524.8,7198194.0,2154262.8,2133022.2,5794206.0,5269117.0,8755406.0,7620670.5,6938709.5,6831425.5,0,
1687,313.2752392133224,7.9236083,,,,,,,,,,,0,0,0,1960698.4,1909547.0,0,1418402.1,1316851.0,1478529.9,2163099.8,0,0,0,0,681692.5,716569.25,699856.3,833523.2,0,
1688,298.2757029347959,7.928007,,,,,,,,,,,1477720.8,0,1836090.1,2236094.8,2029690.0,0,2107334.8,1999703.1,1975881.6,1918490.1,0,0,0,0,1654522.4,1762808.5,1627336.4,1742109.6,0,
1689,149.02260494342218,7.921011,,,,,,,,,,,0,0,0,0,0,0,0,0,0,0,0,0,0,0,0,0,0,0,2150398.0,
1690,301.1391858239886,7.921011,,,,,,,,,,,0,0,0,0,0,0,0,0,0,0,0,0,0,0,0,0,0,0,918586.7,
1691,428.37572212892746,7.937456,,,,,,,,,,,5029983.0,0,4286530.0,7282656.0,5500650.0,6999463.0,6665878.5,4625181.5,4206696.5,4216929.5,4098281.0,3969810.5,3.0241974E7,1.8763282E7,1.1237033E7,8263011.0,7630692.0,5144995.5,0,
1692,428.3758154104949,7.937027,,,,,,,,,,,4709312.0,5592827.5,4217198.5,7282656.0,5500650.0,6553329.5,6665878.5,4625181.5,4181484.2,4134574.8,4220837.0,3906266.5,3.0241974E7,1.8763282E7,1.1237033E7,8263011.0,7630692.0,4866721.0,0,
1693,298.2758479900831,7.9246454,,,,,,,,,,,1406566.5,1971601.0,1769598.0,2312885.8,1951297.6,1924576.5,2056789.5,1921210.6,1906236.9,1772398.1,0,0,0,0,1762084.9,1956669.9,1719298.0,1609415.0,0,
1694,428.37090400648174,7.9296026,,,,,,,,,,,0,0,0,0,0,0,0,0,0,0,0,0,0,0,0,0,0,0,4000269.8,
1695,313.2754326534925,7.9239593,,,,,,,,,,,0,2128164.8,0,2017489.8,1787250.8,1811970.2,1395262.9,1330998.4,1417077.4,1983187.4,0,0,0,0,726921.7,753325.75,689149.56,813132.06,0,
1696,363.2218174197484,7.9346704,,,,,,,,,,,1128992.1,1035173.75,1416210.1,960624.94,1048744.2,1020312.0,914936.2,1259087.8,1412557.9,1453526.1,1563026.5,1450496.0,0,1251120.6,0,828346.44,0,1192919.5,0,
1697,389.1951685766511,7.9362183,,,,,,,,,,,672603.5,755927.56,677820.2,669140.75,696348.94,636106.06,705687.3,694238.25,708889.6,671772.3,736188.7,718922.44,905709.3,989448.6,746913.0,648054.6,641989.1,721829.1,0,
1698,363.21749491920036,7.938153,,,,,,,,,,,0,0,0,0,0,0,0,0,0,0,0,0,0,0,0,0,0,0,1343192.1,
1699,363.2216288156745,7.93715,,,,,,,,,,,1088302.8,1102721.2,1312728.0,935695.1,1018749.75,1040819.8,927448.4,1187649.8,1315367.8,1361909.8,1493940.1,1487474.2,1213405.8,1131425.0,776452.75,782544.5,828610.06,1235284.6,0,
1700,820.6024751649477,7.9422455,,,,,,,,,,,0,0,0,0,0,0,0,0,0,0,0,0,1891124.5,229647.05,0,0,0,0,0,
1701,320.2578904367375,7.9403806,,,,,,,,,,,1265383.2,1804278.2,1551802.0,2208939.8,1632922.2,1741121.5,1886057.1,1735506.1,1922139.0,1691533.0,0,0,0,0,1536633.1,1629678.5,1759677.1,1534365.8,0,
1702,320.25773199514157,7.9413896,,,,,,,,,,,1297574.8,0,1569108.5,2045791.9,1627398.0,0,1915792.6,1914898.2,2004894.2,1822225.1,0,0,0,0,1414688.5,1534882.9,1466758.6,1583045.4,0,
1703,280.2651124262762,7.942795,,,,,,,,,,,1873416.0,2314703.0,2422867.5,2662331.8,2288177.2,2400690.5,2463402.0,2568235.0,2602593.5,2431486.5,0,0,0,0,2144633.2,2118813.0,2363641.8,2074202.5,0,
1704,343.33387910563187,7.942192,,,,,,,,,,,777056.06,799615.06,1049567.6,878597.06,838464.2,939177.7,875131.4,1042686.06,1106928.1,1104519.1,0,0,0,0,566990.94,655681.0,716772.06,832225.8,0,
1705,372.34952533485676,7.9431586,,,,,,,,,,,810837.4,906451.5,784802.3,0,845477.06,1005042.75,873092.25,761637.94,782990.3,785647.7,0,753568.06,0,1905559.4,0,0,0,930518.06,0,
1706,309.2804141352681,7.93751,,,,,,,,,,,292797.34,381995.4,252685.11,404156.25,312632.66,429647.16,392650.97,295655.47,223990.44,261608.72,255484.89,255431.55,1890732.1,1101892.1,675961.5,498815.44,445639.7,268365.25,0,
1707,280.26497511805354,7.943521,,,,,,,,,,,1920178.9,0,2446995.0,2537877.2,2329001.2,0,2474899.2,2729563.2,2630732.2,2582453.5,0,0,0,0,2218002.0,2168718.0,2183375.5,2193832.0,0,
1708,280.26181002422635,7.946713,,,,,,,,,,,0,0,0,0,0,0,0,0,0,0,0,0,0,0,0,0,0,0,1903340.6,
1709,298.27226274111996,7.946713,,,,,,,,,,,0,0,0,0,0,0,0,0,0,0,0,0,0,0,0,0,0,0,1415398.8,
1710,320.254041888305,7.946713,,,,,,,,,,,0,0,0,0,0,0,0,0,0,0,0,0,0,0,0,0,0,0,1208906.4,
1711,343.3297345412815,7.946713,,,,,,,,,,,0,0,0,0,0,0,0,0,0,0,0,0,0,0,0,0,0,0,879782.94,
1712,372.34915255063106,7.948822,,,,,,,,,,,765291.94,913799.75,744363.6,910443.2,810373.44,1032250.1,841035.9,747061.25,730973.8,735449.25,739140.8,741760.75,2495267.2,1884940.2,1562931.2,1017023.75,1025253.7,859587.8,0,
1713,776.5758922244846,7.961225,,,,,,,,,,,0,0,0,0,0,0,0,0,0,0,0,0,3475844.0,344367.28,192235.88,0,0,0,0,
1714,428.37588608290076,7.9716024,,,,,,,,,,,1350139.9,6028302.5,1120152.2,6881220.5,5295508.0,6999463.0,6196368.5,4287796.0,1156836.1,1079819.2,1083715.0,1052698.4,2.9165802E7,1.7626926E7,1.1052849E7,8190863.5,7059143.0,5144995.5,0,
1715,732.5500474251457,7.97967,,,,,,,,,,,0,0,0,0,0,0,124155.58,0,0,0,0,0,5886987.0,470838.34,277949.88,191052.19,156482.97,0,0,
1716,327.33492697763097,7.981273,,,,,,,,,,,0,0,0,0,0,0,0,0,0,0,0,0,0,0,0,0,0,0,689231.8,
1717,327.33903872137756,7.981764,,,,,,,,,,,819501.6,821968.06,688650.25,0,787786.4,802757.56,885850.44,854639.25,727979.3,752455.44,737052.25,0,0,1747254.2,0,0,0,855931.9,0,
1718,327.3387004170873,7.986812,,,,,,,,,,,816027.3,857139.8,648385.6,819593.7,772887.75,830872.06,818755.1,821142.8,675122.06,710465.5,746030.9,713773.6,4613768.5,1714640.1,1415041.1,1115708.6,905269.9,839072.44,0,
1719,592.5373162955707,7.989846,,,,,,,,,,,0,0,0,0,0,0,0,0,0,0,0,0,0,0,0,0,0,0,4487520.5,
1720,592.5446056212652,7.9918733,,,,,,,,,,,5010053.0,4379960.0,4595767.5,4442905.0,4905957.0,4735252.0,4585564.0,5016095.0,4135753.2,4676665.5,4410047.5,4621982.5,0,6543810.0,0,0,0,4671555.0,0,
1721,592.544229457269,7.994059,,,,,,,,,,,4718880.0,4613716.5,4405579.0,4510705.0,4643001.0,4803121.5,4510702.5,4829825.5,4011689.5,4461979.5,4443660.5,4492921.0,8105650.5,6283581.5,5416510.0,4417219.5,4552713.0,4790770.5,0,
1722,688.5242978828302,7.997662,,,,,,,,,,,133769.14,0,131441.05,200119.19,162700.17,0,165644.19,122478.14,0,124843.86,129553.89,0,8398779.0,638920.7,382568.38,262880.56,225258.8,0,0,
1723,307.2284526017145,8.002085,,,,,,,,,,,0,543088.25,0,241310.22,330733.72,873426.9,274812.6,0,178789.19,457079.44,0,0,0,0,214229.17,195280.03,191862.38,205905.88,0,
1724,644.4979280146913,8.016463,,,,,,,,,,,199854.14,216514.52,174855.0,260018.12,221440.14,188714.36,250941.28,172366.3,154972.52,166738.95,166136.9,159783.17,1.0701552E7,798454.9,506779.84,353508.5,315621.6,203296.03,0,
1725,428.37101080248294,8.033173,,,,,,,,,,,0,0,0,0,0,0,0,0,0,0,0,0,0,0,0,0,0,0,1121559.1,
1726,600.4711256429106,8.035958,,,,,,,,,,,245922.2,270779.3,219643.44,317085.06,259798.05,281644.78,293189.03,226242.69,215046.28,218868.66,222819.61,235046.05,1.3255315E7,900771.0,625015.8,443705.4,375198.28,266250.25,0,
1727,428.3762905170238,8.030128,,,,,,,,,,,1390141.8,1604141.9,1130147.2,1924202.5,1552166.4,1808403.4,1682851.0,1278591.0,1195152.1,1133565.0,1113302.8,1121382.4,0,1.8763282E7,0,0,0,1378157.1,0,
1728,228.23344523707965,8.0343895,,,,,,,,,,,765387.06,0,863509.1,984203.9,1151804.6,0,952337.2,1181629.0,890576.56,1058805.8,357114.06,366522.75,465813.78,406096.12,824957.6,880263.8,885426.0,973667.8,0,
1729,228.23353679781854,8.037101,,,,,,,,,,,765387.06,885241.6,825558.56,1025255.3,935765.75,1034087.6,941215.2,1081810.6,878420.4,1016235.56,357114.06,366522.75,465813.78,406096.12,935163.56,948926.5,866726.94,940895.7,0,
1730,228.23084528639032,8.05051,,,,,,,,,,,0,0,0,0,0,0,0,0,0,0,0,0,0,0,0,0,0,0,818913.8,
1731,428.376028079844,8.042423,,,,,,,,,,,1390141.8,1610810.0,1130147.2,1831103.8,1482522.4,1837632.8,1685263.1,1216499.6,1195152.1,1133565.0,1113302.8,1121382.4,6428736.5,4632738.0,3317985.0,2448681.8,2105838.8,1400365.4,0,
1732,556.4446742328587,8.053085,,,,,,,,,,,296898.62,314377.47,252596.53,362063.75,324682.03,327821.0,328726.9,302670.22,237946.62,237582.36,278566.47,265592.66,1.4265251E7,1002876.4,628750.56,473840.16,423646.97,316037.94,0,
1733,512.4183921816501,8.070247,,,,,,,,,,,293173.53,347564.3,281474.7,391609.1,323477.03,305521.53,378075.8,279539.03,276051.12,284619.44,290886.78,302366.38,1.3130743E7,1006637.2,626912.94,536325.8,403593.78,340487.88,0,
1734,156.9916701729927,8.081162,,,,,,,,,,,0,632815.75,675102.7,617540.3,630232.9,712279.75,555528.5,626930.5,576099.1,673296.94,756860.1,593358.7,637787.75,635044.6,559635.75,734035.94,529195.2,672939.7,0,
1735,468.39232762513427,8.082585,,,,,,,,,,,278986.2,313954.47,252248.6,330450.8,284012.97,279687.34,314895.28,247404.47,247382.89,244229.1,265851.5,248297.45,1.005024E7,762406.6,528549.1,449346.47,366567.8,279460.5,0,
1736,424.365468061074,8.092975,,,,,,,,,,,201597.14,232234.7,180720.83,214895.6,232343.95,223303.1,228059.19,221141.81,178009.92,184121.83,174576.19,190642.67,5681340.0,488350.44,400168.06,301788.78,250517.83,201882.44,0,
1737,326.37593792496983,8.102235,,,,,,,,,,,0,0,0,0,0,0,0,0,0,0,0,0,0,0,0,0,0,0,5982983.5,
1738,326.3800378053908,8.102377,,,,,,,,,,,7103037.5,7091579.0,5765883.5,6097843.5,9172583.0,8387098.0,7769181.0,6873523.5,7255584.0,6583769.5,5918708.0,6341440.5,0,1.6313344E7,0,0,0,6500897.5,0,
1739,326.379828970264,8.108882,,,,,,,,,,,6850343.5,7281236.0,5549774.0,7899866.0,8239278.0,8990122.0,7270132.5,6496690.5,6958919.0,6423993.5,5845525.0,5923218.0,1.6211905E7,1.5243949E7,1.1635557E7,8324318.5,7872642.0,6588837.5,0,
1740,261.2229497476734,8.112824,,,,,,,,,,,1492895.2,1998530.4,1695820.5,2498663.2,2188929.2,1704745.2,1955505.5,2166022.5,1771377.5,2016465.5,0,0,0,0,1645360.6,1697668.4,1407346.4,1342160.5,0,
1741,278.24936799483686,8.118839,,,,,,,,,,,8654371.0,1.1196936E7,1.015752E7,1.2995908E7,1.2176004E7,9177743.0,1.076541E7,1.1440228E7,1.026606E7,1.0744594E7,446029.44,440451.5,587269.06,589564.25,9335796.0,9541968.0,7514875.0,7666114.0,0,
1742,261.22281935181144,8.116149,,,,,,,,,,,1527053.6,0,1751361.1,2268474.8,2200517.2,0,2109687.0,2126975.8,2004430.6,2029191.0,0,0,0,0,1573343.9,1683367.1,1346533.5,1370187.6,0,
1743,421.22528875020674,8.122871,,,,,,,,,,,364285.62,502619.28,309710.06,657968.6,416472.9,428516.75,571060.4,341818.1,308765.1,302749.44,330309.47,295500.16,2927727.0,2059504.8,1171025.4,1071642.8,860230.56,368744.88,0,
1744,261.2197437974496,8.119387,,,,,,,,,,,0,0,0,0,0,0,0,0,0,0,0,0,0,0,0,0,0,0,1494798.0,
1745,278.246049585532,8.119387,,,,,,,,,,,0,0,0,0,0,0,0,0,0,0,0,0,0,0,0,0,0,0,7933500.5,
1746,416.2700906949301,8.121896,,,,,,,,,,,426027.72,710531.3,372367.1,816564.7,588103.0,554440.6,684418.1,392022.03,361225.7,360705.47,317189.25,333960.53,3455163.8,2375285.8,1278513.6,1198859.5,909616.8,502916.97,0,
1747,319.2861339825945,8.121435,,,,,,,,,,,375674.94,599258.56,353873.4,738754.75,501223.0,523943.1,650697.5,373075.5,354580.62,342578.6,309374.3,324349.6,2778417.5,1984675.5,1167887.5,1113943.1,824751.3,429608.16,0,
1748,488.22839359315293,8.132996,,,,,,,,,,,785728.1,964910.75,856579.75,722503.56,923834.44,806836.06,971755.75,874822.56,790004.94,884590.9,806469.25,863364.7,0,1428024.5,0,987266.4,0,873851.2,0,
1749,488.2281378930641,8.123354,,,,,,,,,,,757355.56,941257.75,852473.7,888970.3,882104.4,841061.6,908304.06,839925.44,751429.2,860714.75,805942.75,865865.6,1228386.6,1435322.6,1005894.56,999518.6,827994.94,888725.3,0,
1750,465.1742843872366,8.124273,,,,,,,,,,,1263829.9,1379836.5,1304631.6,1327332.1,1209154.2,1106419.9,1295579.0,1293914.8,1143904.6,1384135.9,1217895.4,1273058.5,1848869.6,2030185.2,1435522.9,1377477.6,1187553.2,1277854.2,0,
1751,797.4493405313617,8.12268,,,,,,,,,,,0,1135011.5,0,1049182.9,712100.4,1009331.3,311893.03,347194.2,459002.53,601554.75,0,0,0,0,401130.7,378523.4,0,361774.72,0,
1752,371.1645878715669,8.126123,,,,,,,,,,,2713049.0,2723409.8,2858776.0,2874453.5,2486799.8,2649669.0,2835837.5,2571815.2,2695632.8,2682157.0,2849435.8,2715998.0,2591279.5,3242399.2,2791132.2,2792061.0,2583609.8,2813536.0,0,
1753,504.1767593665645,8.127077,,,,,,,,,,,739192.7,974549.25,686381.8,1033867.6,817160.25,774294.75,884877.6,770997.3,694763.2,687834.6,577041.56,609158.06,1704633.1,1469367.4,989224.25,1054269.0,830416.75,812616.9,0,
1754,506.20114908863667,8.130356,,,,,,,,,,,2281301.5,2893868.2,2401493.8,2728274.0,2524615.2,2406777.0,2482024.5,2382504.8,2280984.2,2521931.8,2180041.5,2385973.2,4467247.5,4554142.5,2920401.5,3002657.5,2346648.2,2551588.0,0,
1755,371.16482133191647,8.130458,,,,,,,,,,,2941937.8,2533475.2,2797694.5,2430764.8,2550125.0,2546874.8,2895255.0,2602883.2,2809449.2,2720495.0,2863858.0,2744332.0,0,3255381.8,0,0,0,2647409.5,0,
1756,465.17470102901746,8.131575,,,,,,,,,,,1305476.5,1336049.0,1295041.6,0,1251904.1,1100110.0,1334841.0,1408562.8,1209526.5,1436668.9,1243915.4,1295983.4,0,2025522.5,0,0,0,1230206.1,0,
1757,278.2493666894505,8.130504,,,,,,,,,,,8070252.0,1.1474318E7,9519743.0,1.1801659E7,1.2020476E7,9539195.0,5148867.0,3652339.2,9318623.0,1.0736519E7,446029.44,413430.9,543418.1,529126.44,8852079.0,9503343.0,3740273.0,7426548.0,0,
1758,371.16021190892263,8.136514,,,,,,,,,,,0,0,0,0,0,0,0,0,0,0,0,0,0,0,0,0,0,0,2657716.8,
1759,465.1687823540061,8.136514,,,,,,,,,,,0,0,0,0,0,0,0,0,0,0,0,0,0,0,0,0,0,0,1250623.2,
1760,506.2014010907753,8.139186,,,,,,,,,,,2345588.5,2808456.8,2415462.0,2224712.2,2731860.0,2250005.0,2585735.0,2564538.0,2341294.0,2800040.2,2364805.2,2472277.8,0,4654606.0,0,2496937.5,0,2452165.5,0,
1761,488.2223654961816,8.161983,,,,,,,,,,,0,0,0,0,0,0,0,0,0,0,0,0,0,0,0,0,0,0,824362.6,
1762,506.1951577533688,8.161983,,,,,,,,,,,0,0,0,0,0,0,0,0,0,0,0,0,0,0,0,0,0,0,2328792.8,
1763,269.2569893415386,8.170355,,,,,,,,,,,0,0,0,0,0,0,0,0,0,0,0,0,0,0,0,0,0,0,868409.5,
1764,358.365381069193,8.170355,,,,,,,,,,,0,0,0,0,0,0,0,0,0,0,0,0,0,0,0,0,0,0,2.5034618E7,
1765,228.23346939371757,8.173655,,,,,,,,,,,2.662654E7,2.8423154E7,3.1998316E7,4.9111796E7,3.884424E7,4.5019744E7,3.9363136E7,3.1495612E7,3.5869984E7,4.0749492E7,465756.3,499490.28,614019.7,593232.1,2.5405606E7,3.4945304E7,2.7577782E7,2.5004792E7,0,
1766,269.260278766388,8.171876,,,,,,,,,,,964446.1,1180578.1,1139955.1,1972192.2,1477982.4,1800893.8,1573702.9,1138171.1,1179877.4,1675025.0,0,0,0,0,997097.3,1433596.6,928000.2,1007116.1,0,
1767,228.23336568785228,8.175278,,,,,,,,,,,2.9815632E7,0,3.4984708E7,4.6530824E7,3.854631E7,0,4.2734164E7,3.1368926E7,3.918396E7,4.257726E7,465756.3,499490.28,614019.7,593232.1,2.518676E7,3.3329548E7,2.197188E7,2.5719838E7,0,
1768,269.26013020113885,8.173055,,,,,,,,,,,1110968.1,0,1283534.6,1748808.0,1586965.8,0,1784999.4,1366404.2,1331576.0,1740487.8,0,0,0,0,924101.1,1358039.5,848227.25,1007937.56,0,
1769,820.5272034801568,8.176728,,,,,,,,,,,0,1673459.9,0,638387.8,658463.56,957928.56,0,0,326414.9,1226174.2,0,0,0,0,400242.9,424221.22,0,365822.88,0,
1770,825.4828691259667,8.1767235,,,,,,,,,,,0,1500969.6,0,556177.1,696004.4,887852.75,0,0,354511.7,1142123.4,0,0,0,0,429718.06,447283.16,0,403967.28,0,
1771,358.36985807659823,8.173776,,,,,,,,,,,2.9576434E7,2.7514896E7,2.7131872E7,0,2.818857E7,2.7627412E7,3.146129E7,2.5000852E7,2.7202338E7,2.7456152E7,2.5181566E7,2.5631226E7,0,5.506566E7,0,2090477.9,0,2.6469552E7,0,
1772,228.2307611115543,8.1787195,,,,,,,,,,,0,0,0,0,0,0,0,0,0,0,0,0,0,0,0,0,0,0,2.6431708E7,
1773,358.36963743911633,8.178707,,,,,,,,,,,2.6938422E7,2.7019994E7,2.5915982E7,2.7978802E7,2.6802068E7,2.8506014E7,3.0864618E7,2.5349992E7,2.6405732E7,2.5451044E7,2.5206822E7,2.4857242E7,669236.8,5.5243428E7,5.1550716E7,3.319975E7,3.1278754E7,2.803516E7,0,
1774,766.5358662145234,8.183283,,,,,,,,,,,1173595.4,1156362.1,1029709.5,0,1229456.9,1121090.8,1133840.6,1011467.8,1176558.8,1108419.1,936949.06,949173.06,0,2085335.2,0,0,0,1101855.1,0,
1775,766.5260430660105,8.18718,,,,,,,,,,,0,0,0,0,0,0,0,0,0,0,0,0,0,0,0,0,0,0,952673.3,
1776,766.535193318767,8.186641,,,,,,,,,,,1101328.6,1208501.1,1018623.7,1202252.9,1141773.0,1125857.1,1130588.6,990823.2,1095673.6,1035157.1,944007.5,955732.1,1758933.4,2041037.1,1994718.9,1266565.8,1282570.5,1124421.9,0,
1777,278.2491885195382,8.140491,,,,,,,,,,,8654371.0,0,1.015752E7,5340888.5,1.2176004E7,0,1.0878907E7,1.1182054E7,1.026606E7,1.0744594E7,446029.44,440451.5,587269.06,589564.25,3170399.0,3534901.2,7452004.0,0,0,
1778,369.38153420266195,8.195699,,,,,,,,,,,0,0,0,0,0,0,0,0,0,0,0,0,0,0,0,0,0,0,1379229.1,
1779,369.3862227588606,8.198085,,,,,,,,,,,1329923.8,2507246.5,1013476.3,0,1837631.8,2593487.0,2099768.8,1390254.0,1644415.4,1950497.9,656067.5,682880.06,0,1594549.9,0,0,0,1523263.4,0,
1780,722.5093670795565,8.202687,,,,,,,,,,,1517212.0,1557862.1,1445893.0,0,1577015.2,1482826.6,1628097.5,1549235.4,1460645.9,1481548.5,1553342.5,1418951.8,0,3418859.2,0,766843.25,0,1558456.2,0,
1781,722.5003382592159,8.204263,,,,,,,,,,,0,0,0,0,0,0,0,0,0,0,0,0,0,0,0,0,0,0,1406165.5,
1782,722.5088507324817,8.206706,,,,,,,,,,,1509217.4,1545999.5,1421153.0,1659289.6,1547017.5,1532814.4,1521620.2,1519142.2,1414214.4,1434070.4,1506461.8,1402123.5,3003075.2,3185929.0,2944000.2,1720614.4,1784649.8,1588237.0,0,
1783,369.38590966147945,8.206524,,,,,,,,,,,1250509.8,2482915.5,1015996.06,2411321.8,1751095.6,2606293.5,1927508.1,1356764.9,1663336.8,1930127.9,642425.7,626515.0,1829935.8,1570072.8,2051181.1,1661901.6,1671588.2,1527306.1,0,
1784,314.33970251581457,8.212819,,,,,,,,,,,0,0,0,0,0,0,0,0,0,0,0,0,0,0,0,0,0,0,1248661.2,
1785,278.2494184847659,8.209364,,,,,,,,,,,3992595.5,4102065.2,3501267.8,5240194.0,4866116.5,5099220.5,5966731.0,3662537.2,4442285.0,4911778.0,0,0,587269.06,0,3410121.8,3622187.2,4202443.0,3235167.2,0,
1786,314.34372186507915,8.218956,,,,,,,,,,,1283946.4,1463581.6,1424586.4,0,1369559.1,1391291.5,1391986.0,1442882.8,1293394.8,1208144.1,0,1305318.9,0,2877160.2,0,0,0,1306081.5,0,
1787,314.34338508671186,8.225792,,,,,,,,,,,1297365.8,1510268.1,1377086.4,1558656.2,1312364.9,1451477.2,1333483.0,1391470.8,1265475.2,1205052.8,1334179.9,1264124.2,2936902.8,2863272.0,2271726.5,1571694.8,1467350.5,1334367.8,0,
1788,678.4829930621039,8.224544,,,,,,,,,,,1982085.4,1907243.8,1815875.1,0,1938456.9,1798452.2,1955111.0,1818120.2,1941361.4,1793057.0,1817836.4,1888339.2,0,4172833.8,0,359157.97,0,1796555.4,0,
1789,278.2460737068757,8.23003,,,,,,,,,,,0,0,0,0,0,0,0,0,0,0,0,0,0,0,0,0,0,0,3485302.2,
1790,678.4745301132971,8.23003,,,,,,,,,,,0,0,0,0,0,0,0,0,0,0,0,0,0,0,0,0,0,0,1762727.5,
1791,678.482518579823,8.229254,,,,,,,,,,,1943662.5,1920739.2,1818461.8,2043846.4,1971648.4,1806673.9,1964298.0,1795326.5,1881793.9,1752721.2,1807754.8,1827027.6,3889137.5,3973025.2,3356741.0,2084643.4,2057562.6,1867438.1,0,
1792,358.3693783506686,8.182079,,,,,,,,,,,2.9576434E7,0,2.7131872E7,2.7828262E7,2.818857E7,0,3.146129E7,2.5000852E7,2.7202338E7,2.7456152E7,2.5181566E7,2.5631226E7,9.81329E7,5.506566E7,5.3241404E7,3.42019E7,3.2692772E7,0,0,
1793,634.4486575875443,8.247069,,,,,,,,,,,0,0,0,0,0,0,0,0,0,0,0,0,0,0,0,0,0,0,1975112.2,
1794,634.456560225739,8.248102,,,,,,,,,,,2122774.8,2103537.5,1993409.9,412431.84,2118393.8,2032443.6,2215847.2,2070900.0,1956538.0,1918416.0,1977329.5,2084410.2,0,4245135.5,0,0,0,1986568.8,0,
1795,363.31227943252725,8.253475,,,,,,,,,,,500360.72,615612.44,398867.4,702755.44,575311.7,629948.6,636403.7,459272.06,416572.9,404448.16,340712.62,317623.44,1708462.8,1311693.1,793923.0,723955.2,655538.3,534389.1,0,
1796,460.2967889567877,8.253485,,,,,,,,,,,658374.06,820269.4,544814.9,949073.5,817604.75,826750.56,858920.06,650098.9,549564.0,467028.12,437377.84,428092.84,2483482.5,1799200.4,1112100.6,1007564.7,960938.5,726520.5,0,
1797,634.4560689463319,8.252767,,,,,,,,,,,2057151.0,2073263.6,1974106.0,2207901.8,2156793.2,2151894.0,2187596.8,2010805.5,1922655.5,1924381.6,1963931.9,2025846.5,4027657.0,4106673.0,3556771.0,2251601.8,2381270.0,1974187.2,0,
1798,590.4299734128248,8.272836,,,,,,,,,,,2164413.0,2060887.1,2041833.8,0,2132063.5,1989086.9,2100201.0,2037694.5,2024006.1,2039888.9,2100092.8,0,0,3942831.8,0,0,0,2090064.8,0,
1799,590.4224150890576,8.272946,,,,,,,,,,,0,0,0,0,0,0,0,0,0,0,0,0,0,0,0,0,0,0,1981498.4,
1800,590.429356184449,8.275873,,,,,,,,,,,2042506.4,2132028.5,2039993.4,2092071.8,2064579.5,1970167.8,2120705.0,2006426.8,1950772.2,1944960.0,2008276.9,1961387.5,4035556.0,3861470.5,3599981.0,2239725.0,2263035.8,2046238.4,0,
1801,546.4034446776183,8.294412,,,,,,,,,,,1963680.2,1828673.4,1841766.1,0,1883383.0,1826668.0,1945965.1,1837282.0,1704356.9,1954776.1,1722012.8,1916748.2,0,3692305.0,0,0,0,1813118.9,0,
1802,546.4029722161762,8.297076,,,,,,,,,,,1925545.6,1806385.5,1834865.5,1862118.4,1816801.5,1847428.5,1872772.0,1752516.9,1729550.9,1806134.1,1695193.9,1775899.6,3548874.8,3673726.5,3303693.5,1931899.1,2033827.1,1827850.4,0,
1803,546.3965153707102,8.298813,,,,,,,,,,,0,0,0,0,0,0,0,0,0,0,0,0,0,0,0,0,0,0,1801243.5,
1804,604.387743080269,8.298961,,,,,,,,,,,615547.8,712510.5,632331.3,783186.7,755055.7,740179.3,865571.7,639774.6,566838.1,599438.9,570678.7,559261.44,2049861.2,1755517.8,1769365.0,965206.06,941832.1,749017.1,0,
1805,278.24949691702653,8.284964,,,,,,,,,,,1343676.4,1501851.9,1286108.2,5240194.0,1329537.0,2048006.4,1934277.0,1281536.8,1688428.5,1188397.6,0,0,0,0,3275663.0,3622187.2,3142749.5,1339921.5,0,
1806,278.24615432587893,8.307379,,,,,,,,,,,0,0,0,0,0,0,0,0,0,0,0,0,0,0,0,0,0,0,981001.25,
1807,278.2492693144291,8.257309,,,,,,,,,,,4681343.0,0,3928249.8,1711937.9,5317402.0,0,4952461.0,3173502.8,4924873.0,5641853.5,0,0,0,0,1195602.5,1189206.5,1243666.8,0,0,
1808,502.37678729064567,8.317892,,,,,,,,,,,1361692.0,1349457.2,1293167.5,693325.9,1397998.6,1382555.8,1465756.6,1372489.5,1379750.0,1146855.9,1245091.4,1281942.9,0,2531435.5,0,0,0,1345066.5,0,
1809,356.3500235267764,8.315944,,,,,,,,,,,0,0,0,0,0,0,0,0,0,0,0,0,0,0,0,0,0,0,899072.6,
1810,502.3706030993796,8.315944,,,,,,,,,,,0,0,0,0,0,0,0,0,0,0,0,0,0,0,0,0,0,0,1316872.5,
1811,502.37644879751343,8.316805,,,,,,,,,,,1335918.2,1381196.5,1280424.9,1354590.5,1377443.9,1406537.0,1409382.5,1324378.4,1334004.6,1154928.8,1233676.6,1285648.0,2515447.0,2444268.2,2184074.0,1411411.0,1437443.1,1388598.0,0,
1812,699.4493289263346,8.324471,,,,,,,,,,,0,959535.56,0,0,236766.84,554530.9,0,0,149679.52,399103.5,0,0,0,0,150393.42,157406.61,186381.66,215132.36,0,
1813,356.3541307078973,8.325071,,,,,,,,,,,1014086.0,1171240.1,977509.94,1231757.5,1004541.44,1092215.8,1025663.1,930252.6,987869.44,884712.75,849522.56,871373.44,2697737.0,2129375.2,2118771.8,1331435.1,1147194.9,1086263.0,0,
1814,641.4444423723199,8.330635,,,,,,,,,,,0,0,0,5106658.5,3887382.2,0,761417.7,1282884.2,2154891.0,4501160.5,0,0,0,0,2894462.5,3114263.8,2883004.0,0,0,
1815,820.5243372366921,8.329695,,,,,,,,,,,0,0,0,4435378.5,3374367.5,0,717698.5,1135902.4,1745893.8,3638267.2,0,0,0,0,2637466.0,2492996.0,2422522.8,0,0,
1816,825.4797552247182,8.3297,,,,,,,,,,,0,0,0,5453115.5,4686860.5,0,989512.6,1770646.2,2900329.8,4964800.0,0,0,0,0,3118189.8,3156697.5,2999068.8,0,0,
1817,848.5602808444924,8.32795,,,,,,,,,,,0,1363564.1,0,520937.22,229094.83,720487.7,0,0,281242.6,602659.3,0,0,0,0,0,288417.6,0,356211.72,0,
1818,635.4844073338638,8.333489,,,,,,,,,,,2351272.2,2838584.0,2448454.0,1403322.2,2543237.2,2487228.8,2438189.5,2564143.8,2498503.8,2166997.2,1014104.4,1483196.2,0,5052064.0,0,1314852.9,1358457.8,2635020.5,0,
1819,841.4542199647377,8.329526,,,,,,,,,,,0,1716824.9,0,751876.6,613864.94,942297.3,0,228461.0,322401.88,532148.8,0,0,0,0,472002.7,442021.1,396407.6,577979.25,0,
1820,641.4450202519307,8.329844,,,,,,,,,,,0,1.2751988E7,0,5407130.5,3845380.0,7298686.0,803199.5,1198892.9,1885027.1,4209562.5,0,0,0,0,2815406.5,3372041.0,3107845.2,3151100.8,0,
1821,820.525088411348,8.329844,,,,,,,,,,,0,1.0666541E7,0,4687693.5,3278739.5,6263751.0,646962.6,1083692.0,1610967.8,3451219.2,0,0,0,0,2593805.5,2610598.0,2493887.2,2562022.2,0,
1822,825.4804918079045,8.329844,,,,,,,,,,,0,1.4588435E7,0,5753479.0,4829021.5,8271514.0,944374.1,1608665.2,2424305.5,4741287.5,0,0,0,0,2993691.8,3397850.8,3095518.2,4448274.0,0,
1823,623.4345013299663,8.330558,,,,,,,,,,,0,2430466.5,0,1058072.6,804451.9,1450942.4,172847.02,297517.25,400944.62,869149.9,0,0,0,0,568334.25,672270.0,0,664382.44,0,
1824,635.4835933632162,8.33126,,,,,,,,,,,2386955.2,2942398.0,2299424.2,2561897.2,2517400.5,2500857.2,2416712.0,2403697.0,2308765.5,2218529.0,2628374.8,2361988.5,6409109.0,5729479.0,4743740.0,2905451.8,2622132.2,2761153.8,0,
1825,635.4761526985924,8.332867,,,,,,,,,,,0,0,0,0,0,0,0,0,0,0,0,0,0,0,0,0,0,0,2264724.5,
1826,641.4374180129734,8.332867,,,,,,,,,,,0,0,0,0,0,0,0,0,0,0,0,0,0,0,0,0,0,0,2961527.5,
1827,820.5153079688417,8.332867,,,,,,,,,,,0,0,0,0,0,0,0,0,0,0,0,0,0,0,0,0,0,0,2432060.5,
1828,825.4706320719833,8.332867,,,,,,,,,,,0,0,0,0,0,0,0,0,0,0,0,0,0,0,0,0,0,0,3884670.0,
1829,429.32134667998395,8.347373,,,,,,,,,,,675963.25,807238.44,685553.94,679062.9,782423.0,699816.4,737855.9,624926.6,569076.7,575484.9,583293.5,572654.7,2455814.8,1526647.0,738349.5,795998.75,705446.3,711066.1,0,
1830,504.3231563993027,8.347393,,,,,,,,,,,655130.3,900063.6,596226.4,867260.9,783075.44,702204.1,768823.94,676007.25,609300.5,603174.8,577052.8,544276.44,2182339.8,1634017.0,874703.0,980546.3,851118.5,732266.1,0,
1831,424.36556826161154,8.349746,,,,,,,,,,,719278.9,873308.0,657170.6,832580.8,783238.94,737521.25,769638.5,697518.5,611808.0,633670.6,606212.44,633238.5,2062228.1,1518739.6,862802.3,902938.2,836025.94,767758.3,0,
1832,732.5514168734388,8.360869,,,,,,,,,,,900025.3,869536.2,805687.44,0,873944.6,908607.1,934269.94,829081.44,841817.56,840569.94,809477.9,851332.0,0,1568469.2,0,0,0,850688.06,0,
1833,732.5422021381333,8.358621,,,,,,,,,,,0,0,0,0,0,0,0,0,0,0,0,0,0,0,0,0,0,0,726983.94,
1834,732.5507862294035,8.362198,,,,,,,,,,,840555.6,892259.44,803981.06,909981.4,850753.44,920190.8,925395.94,820228.1,814881.2,801684.6,784628.2,812717.2,1539831.8,1566263.4,1420847.9,934080.25,945616.0,862925.94,0,
1835,424.3606204307785,8.367262,,,,,,,,,,,0,0,0,0,0,0,0,0,0,0,0,0,0,0,0,0,0,0,633506.25,
1836,688.5249742026637,8.386921,,,,,,,,,,,1731253.2,1815678.5,1785482.1,0,1826961.1,1736715.1,1981660.9,1748735.4,1756914.5,1766913.8,1716046.1,1706193.6,0,3064533.0,0,0,0,1712044.4,0,
1837,688.5243942287339,8.388905,,,,,,,,,,,1712812.0,1806586.0,1749978.6,2005396.8,1847915.1,1747815.4,1978708.0,1734940.5,1730671.0,1754762.1,1654143.4,1725883.0,2989856.2,2996636.8,2912470.0,2043789.4,2118711.0,1751928.8,0,
1838,688.5164632912199,8.392814,,,,,,,,,,,0,0,0,0,0,0,0,0,0,0,0,0,0,0,0,0,0,0,1667912.8,
1839,468.39190903814426,8.481047,,,,,,,,,,,6947298.5,0,6936879.5,7396875.5,6447637.5,0,5628874.0,6454206.0,6747811.5,6383131.5,6539843.0,6721187.0,2706331.0,7918576.0,9125743.0,7785247.0,7187886.5,6785060.5,0,
1840,644.4985678396994,8.409275,,,,,,,,,,,3482220.0,3394521.5,3274033.5,0,3378605.8,3418326.8,3589804.2,3326210.5,3203152.2,3036854.5,2962271.2,2847527.0,0,4934609.5,0,0,0,3448294.5,0,
1841,219.2120931324577,8.406741,,,,,,,,,,,1458458.0,1418386.6,1491308.4,2242186.5,1532495.0,2045025.8,1876101.1,1401052.6,1964003.2,1263037.8,0,0,0,0,1152079.2,1446028.0,1185816.0,1364328.9,0,
1842,237.22267812623423,8.408494,,,,,,,,,,,2701652.5,2472977.8,2756452.0,3995462.8,2750044.5,3547170.8,3404470.2,2455124.2,3507283.2,2283545.2,0,0,0,0,2196379.0,2715790.5,2178446.2,2437667.5,0,
1843,254.24914437679408,8.407324,,,,,,,,,,,7.910055E7,7.5820296E7,8.2747064E7,1.16127944E8,8.155867E7,1.0182223E8,1.0269664E8,7.4858744E7,1.0447301E8,6.846619E7,0,0,0,0,6.492706E7,7.929881E7,6.4479484E7,7.361407E7,0,
1844,276.2315034882734,8.407325,,,,,,,,,,,668620.2,850458.7,820664.0,1008818.1,924742.5,1011729.2,1085665.9,796654.2,994882.3,835039.0,0,0,0,0,716471.06,794643.1,701000.9,654715.56,0,
1845,507.49131814414807,8.40791,,,,,,,,,,,870485.3,1134378.5,991657.3,1585760.2,1116581.0,1281909.4,1449516.6,1147915.4,1255378.2,1193596.5,0,0,0,0,835165.7,1075899.9,941548.6,885294.7,0,
1846,219.20946359564093,8.409406,,,,,,,,,,,0,0,0,0,0,0,0,0,0,0,0,0,0,0,0,0,0,0,1189018.9,
1847,237.21984984306738,8.409406,,,,,,,,,,,0,0,0,0,0,0,0,0,0,0,0,0,0,0,0,0,0,0,2123709.2,
1848,507.48525322769297,8.409406,,,,,,,,,,,0,0,0,0,0,0,0,0,0,0,0,0,0,0,0,0,0,0,811898.6,
1849,644.4905137607236,8.409406,,,,,,,,,,,0,0,0,0,0,0,0,0,0,0,0,0,0,0,0,0,0,0,3138971.5,
1850,644.4980364810162,8.409588,,,,,,,,,,,3368987.2,3395507.2,3354619.5,3774737.2,3403657.2,3435043.8,3544977.5,3253611.2,3291640.8,3001735.5,2946831.0,2821311.8,4710768.5,4864006.5,4666378.0,3647776.2,3732313.2,3433422.2,0,
1851,219.21192454663966,8.410694,,,,,,,,,,,1414133.1,0,1556327.0,2095824.4,1770889.1,0,1901659.8,1445440.1,2049266.5,1224757.8,0,0,0,0,1238467.5,1306603.1,1138474.6,0,0,
1852,237.22256095847283,8.41054,,,,,,,,,,,2572548.0,0,2808801.8,3731675.8,3142399.5,0,3355171.8,2578920.5,3533562.2,2288834.2,0,0,0,0,2314674.5,2384271.2,2107764.8,2633074.0,0,
1853,507.4909404070502,8.40846,,,,,,,,,,,840624.1,0,1042957.94,1470512.9,1196982.8,0,1544072.5,1229369.6,1258651.8,1216416.6,0,0,0,0,942541.94,1081165.1,879161.75,0,0,
1854,254.24611656163881,8.417674,,,,,,,,,,,0,0,0,0,0,0,0,0,0,0,0,0,0,0,0,0,0,0,6.4956732E7,
1855,254.2491507565962,8.414452,,,,,,,,,,,4268878.5,7.9052056E7,8.2256344E7,1.09789064E8,9.25881E7,1.0612892E8,1.0213263E8,7.726184E7,1.0554464E8,6.933264E7,0,0,0,0,6.8227096E7,7.181045E7,6.2125136E7,8.088828E7,0,
1856,600.4716248808484,8.433053,,,,,,,,,,,4674899.0,4511627.0,4584095.5,4028063.5,4716658.0,4519031.5,5048043.5,4234531.5,4510070.0,4710730.0,4047216.5,4263455.0,0,7081517.0,0,0,0,4569297.5,0,
1857,600.4712159532378,8.433546,,,,,,,,,,,4440646.5,4582890.5,4467220.0,4818872.0,4524920.0,4553994.5,4824373.0,4264238.5,4414191.0,4519798.0,4050464.5,4159476.5,6682284.0,6688921.0,6169238.0,4983767.5,5011011.5,4681750.0,0,
1858,600.4642580313481,8.434409,,,,,,,,,,,0,0,0,0,0,0,0,0,0,0,0,0,0,0,0,0,0,0,4201352.0,
1859,427.39214834924553,8.434505,,,,,,,,,,,157549.33,207644.31,0,247747.17,212920.0,0,207681.11,146411.3,0,160496.38,0,0,2407764.0,515230.56,336571.94,250605.28,212806.28,195852.19,0,
1860,430.38646007728363,8.451172,,,,,,,,,,,0,0,0,0,0,0,0,0,0,0,0,0,0,0,0,0,0,0,8572362.0,
1861,383.0724744419579,8.457518,,,,,,,,,,,1125033.0,1304232.8,1375783.9,1374685.1,1524562.1,1440889.8,1515872.1,1398875.4,1418871.6,1356786.2,1231881.8,1255923.9,0,2700577.0,2502303.8,0,0,1327841.8,0,
1862,556.4448939245761,8.456399,,,,,,,,,,,5815302.0,6194463.0,6147009.0,6585824.0,6479993.5,6010593.0,6522751.0,6074676.5,5786936.5,6109650.5,5468022.0,5957063.0,0,8439200.0,8579226.0,0,0,5813882.0,0,
1863,556.4445955397796,8.457584,,,,,,,,,,,5860703.5,6036288.0,5814427.5,6471269.5,6312847.0,5987638.0,6198097.5,6009889.5,5636723.0,5898665.5,5378863.0,5655503.5,1.0007004E7,8554431.0,8207969.5,6269009.0,6519093.5,5842427.0,0,
1864,336.3238520411809,8.459542,,,,,,,,,,,0,0,0,0,0,0,0,0,0,0,0,0,0,0,0,0,0,0,991964.9,
1865,383.067774665155,8.459542,,,,,,,,,,,0,0,0,0,0,0,0,0,0,0,0,0,0,0,0,0,0,0,1365400.1,
1866,556.4380579180491,8.459542,,,,,,,,,,,0,0,0,0,0,0,0,0,0,0,0,0,0,0,0,0,0,0,5620179.5,
1867,172.11654630003747,8.460357,,,,,,,,,,,2543247.0,2774934.8,2488157.5,2795098.2,2721312.5,2653478.2,2368328.0,2616246.8,2306989.5,2852227.5,2239507.8,2381355.2,4037479.0,3758867.2,4264191.5,2563638.2,2824883.2,2338656.5,0,
1868,383.07227444803635,8.459897,,,,,,,,,,,1149503.5,1271164.6,1341226.4,1366387.5,1523054.8,1469574.9,1461770.1,1385334.2,1322453.5,1309432.4,1213879.0,1244874.9,2731172.8,2773467.2,2418627.5,1575088.4,1441390.5,1335413.1,0,
1869,430.3916870984567,8.463721,,,,,,,,,,,9713893.0,1.0303055E7,9047062.0,1.2742177E7,1.0772776E7,1.14963E7,1.0258012E7,1.0401806E7,9191249.0,1.0011404E7,9200380.0,9551380.0,0,2.1242938E7,0,2834553.0,0,9597490.0,0,
1870,430.39148897502145,8.467655,,,,,,,,,,,9640661.0,1.1257311E7,8934694.0,1.1782543E7,1.040156E7,1.2117552E7,1.036419E7,9720092.0,8790421.0,9188385.0,8702727.0,8822531.0,3.1166286E7,2.1377516E7,1.7268932E7,1.2571422E7,1.1521487E7,1.00094E7,0,
1871,512.4185929132908,8.478792,,,,,,,,,,,7550681.5,7937062.5,7257592.0,8489836.0,8222504.5,7703168.5,8590934.0,8112905.0,7288171.5,7347099.5,6696041.5,6805963.0,0,9927891.0,0,2446479.0,0,7703411.0,0,
1872,512.4183439902991,8.475698,,,,,,,,,,,7504068.5,8026807.0,7157170.0,8375656.0,8102826.5,7700775.0,8266110.5,7741439.0,7194479.5,7336081.5,6495609.5,6829615.0,9990714.0,9737715.0,8883179.0,8389523.0,8321383.5,7903324.0,0,
1873,512.4123315686221,8.476301,,,,,,,,,,,0,0,0,0,0,0,0,0,0,0,0,0,0,0,0,0,0,0,6253734.0,
1874,172.1145479374303,8.493128,,,,,,,,,,,0,0,0,0,0,0,0,0,0,0,0,0,0,0,0,0,0,0,1054673.0,
1875,468.392309129592,8.496283,,,,,,,,,,,6947298.5,6797201.5,6936879.5,5672534.5,6447637.5,6814071.5,6521937.5,6699286.0,6747811.5,6383131.5,6539843.0,6721187.0,0,9953215.0,7317125.0,3817294.2,0,6725533.5,0,
1876,468.3921512864956,8.495556,,,,,,,,,,,6744065.5,6859329.5,6848030.5,7294984.0,6409102.0,6736528.5,6531589.0,6832757.0,6822757.5,6360713.0,6472017.5,6503156.0,1.0179242E7,9485803.0,8648388.0,7618325.5,7331880.0,6785060.5,0,
1877,195.12392199573003,8.508519,,,,,,,,,,,1055293.1,1168220.6,1071617.2,1167734.8,1192240.2,1122018.8,1110788.1,1137894.9,1242170.5,1274619.4,1213526.8,1061764.2,1841298.8,1630707.6,1551314.9,1255684.5,1250273.8,1089811.8,0,
1878,195.12407007579318,8.512982,,,,,,,,,,,1055293.1,1132862.1,1071617.2,1209720.4,1222814.1,1052373.4,1128112.1,1137894.9,1242170.5,1274619.4,1213526.8,1061764.2,0,1661998.1,0,0,0,1031142.44,0,
1879,371.1647459820472,8.5057745,,,,,,,,,,,1456954.6,1328829.2,1617876.9,1485975.2,1344751.1,1388368.1,1436952.6,1404231.4,1581735.4,1382329.1,1382610.2,1433524.6,0,1751891.2,1422437.0,1075826.0,0,1427036.5,0,
1880,468.38660822892115,8.501532,,,,,,,,,,,0,0,0,0,0,0,0,0,0,0,0,0,0,0,0,0,0,0,6187242.0,
1881,506.2013737142546,8.507168,,,,,,,,,,,1234169.5,1073616.6,1208761.4,1298860.0,1123275.4,1189532.9,1496381.8,1051622.5,1221442.8,1145704.0,1230373.8,1346483.5,0,2177187.2,1569467.9,0,0,1230859.6,0,
1882,371.1646178797759,8.504041,,,,,,,,,,,1366710.0,1390947.8,1481329.5,1367833.1,1233006.6,1513219.8,1385188.6,1335456.2,1526043.0,1284916.9,1356735.5,1404330.5,1546741.8,1669422.4,1390978.2,1394998.8,1299153.9,1425415.8,0,
1883,506.201122784173,8.507242,,,,,,,,,,,1199705.6,1100946.4,1225889.8,1242776.2,1104969.4,1210831.8,1463021.5,1049210.8,1130879.8,1140127.1,1161808.5,1284677.0,2106766.8,2095583.6,1506170.5,1313392.1,1121317.0,1215536.0,0,
1884,424.3657967974621,8.512451,,,,,,,,,,,4965540.5,5201431.0,5182960.0,0,5375381.5,5187536.0,5275978.0,5285378.0,5561967.5,5662288.0,5216053.0,4519483.5,0,7747722.0,0,3235256.5,0,5137906.0,0,
1885,375.27028840374265,8.509276,,,,,,,,,,,0,1289991.4,0,1966426.9,1767994.6,1441208.8,1236950.9,1048476.2,1380389.2,1709473.6,0,0,0,0,575566.5,723784.75,624821.9,538382.94,0,
1886,337.14128818495664,8.509913,,,,,,,,,,,0,0,0,0,0,0,0,0,0,0,0,0,0,0,0,0,0,0,1817282.2,
1887,424.36050531825987,8.509913,,,,,,,,,,,0,0,0,0,0,0,0,0,0,0,0,0,0,0,0,0,0,0,5083227.0,
1888,870.5137781518802,8.510853,,,,,,,,,,,1119452.0,1299455.6,1058991.9,1397214.9,1216472.8,1103190.5,1344208.0,1107117.6,1054320.2,1036810.25,1049177.2,982962.1,1904773.4,2061819.6,2013345.4,1402676.9,1332494.2,1073379.2,0,
1889,337.14549299797034,8.511499,,,,,,,,,,,1789321.0,1765239.9,1785673.4,2124170.8,1916020.2,1745619.9,1875212.8,1931343.9,1939130.0,2126162.8,1936854.8,1839023.9,0,2577170.5,2421839.0,0,0,1788103.4,0,
1890,424.3655213659287,8.512671,,,,,,,,,,,4861820.5,5261596.0,5056502.5,5617660.5,5320463.5,5548438.5,5204058.5,5239945.0,5248219.0,5099745.0,5190622.5,5058931.5,8123546.5,7535247.5,6870883.5,5814150.5,5623945.5,5137121.5,0,
1891,337.14530580566947,8.515425,,,,,,,,,,,1743738.8,1795907.9,1776336.9,1993225.1,1845924.9,1909037.0,1781714.2,1893335.5,1922702.0,1837519.8,1862928.4,1811031.9,2686025.0,2537409.0,2275682.2,1982626.9,1972525.2,1833754.6,0,
1892,380.33908563831864,8.518722,,,,,,,,,,,2589322.8,2739270.8,2834169.0,2709402.2,2987998.2,2647644.8,2726514.8,2745265.8,2813360.5,2815722.0,2770045.2,2663861.2,0,4148307.2,3335871.0,0,0,2548297.8,0,
1893,380.33442061137436,8.518286,,,,,,,,,,,0,0,0,0,0,0,0,0,0,0,0,0,0,0,0,0,0,0,2463896.5,
1894,403.2298692023926,8.518286,,,,,,,,,,,0,0,0,0,0,0,0,0,0,0,0,0,0,0,0,0,0,0,1269458.8,
1895,425.2118795866178,8.518286,,,,,,,,,,,0,0,0,0,0,0,0,0,0,0,0,0,0,0,0,0,0,0,3677918.2,
1896,448.2878649419355,8.518286,,,,,,,,,,,0,0,0,0,0,0,0,0,0,0,0,0,0,0,0,0,0,0,1450694.2,
1897,403.2347880116446,8.519197,,,,,,,,,,,749633.3,1113925.9,1177807.8,1133592.8,1264046.4,950071.75,1261701.2,1557627.5,844595.8,907565.94,545272.06,504236.06,0,1424556.8,1724174.6,1758628.9,0,1347422.6,0,
1898,425.2171152144996,8.520381,,,,,,,,,,,2142903.5,3867606.2,3657192.8,4064285.5,4349440.5,3031584.2,3921972.8,4742244.0,2871239.0,2750412.8,1734677.5,1566790.4,0,4758277.5,5251920.5,0,0,4350630.5,0,
1899,242.24898467826912,8.522659,,,,,,,,,,,6208179.5,0,6502696.0,6244719.0,7620726.5,0,6844471.5,6739118.0,8428856.0,7735555.0,0,0,0,0,5641901.0,4499053.0,4864186.5,0,0,
1900,448.2932071257635,8.520964,,,,,,,,,,,655542.25,1053485.5,1285857.9,929022.75,1039348.06,856008.0,926519.4,1424587.8,841646.2,1083146.4,721298.6,726984.2,1296954.9,980676.3,1270634.2,1351108.8,1300403.2,1343997.6,0,
1901,425.2168926795542,8.521885,,,,,,,,,,,1961948.2,4033864.8,3427281.0,3874497.0,3980889.0,3103996.0,3620105.8,4451150.5,2761131.0,2880279.8,1544106.4,1383991.1,8402407.0,4417180.0,6069421.5,5965831.0,5352985.0,4864134.5,0,
1902,441.1913102545526,8.520964,,,,,,,,,,,589606.5,1070187.6,923301.94,1093972.8,1018826.7,825497.25,995372.3,1191907.1,683412.1,761110.8,504601.66,412089.6,3381285.8,1757143.2,1938165.0,1707669.2,1600919.2,1356036.6,0,
1903,403.23464415067406,8.520962,,,,,,,,,,,649991.3,1136233.9,1118706.5,1133592.8,1180400.2,982911.56,1147722.1,1411221.0,809898.06,913410.06,545272.06,487047.84,3019406.8,1370063.1,1726428.1,1653017.5,1575511.5,1451676.5,0,
1904,242.24917695972678,8.524417,,,,,,,,,,,5446507.5,6493750.0,5736502.5,6426526.0,6584336.0,7687945.5,6801924.0,5957580.5,7203206.0,7604841.0,0,0,0,0,5809131.5,4546165.5,4713498.5,6380371.0,0,
1905,380.3389013787872,8.521886,,,,,,,,,,,2562764.0,2768553.0,2688415.0,2749385.2,2854123.5,2642874.0,2728280.0,2621292.5,2836804.5,2639953.8,2644631.8,2567515.8,4349316.0,4147817.5,3706161.0,2907423.0,2942413.0,2654226.2,0,
1906,242.2462413451222,8.526652,,,,,,,,,,,0,0,0,0,0,0,0,0,0,0,0,0,0,0,0,0,0,0,6010084.0,
1907,371.160297417014,8.526652,,,,,,,,,,,0,0,0,0,0,0,0,0,0,0,0,0,0,0,0,0,0,0,1440545.6,
1908,341.28590104760593,8.5293455,,,,,,,,,,,0,672683.94,0,1054377.4,1513734.5,1058042.6,1420171.8,1159156.6,909817.56,1021090.4,0,0,0,0,390351.97,440250.72,420942.9,428591.88,0,
1909,826.4877042375261,8.532058,,,,,,,,,,,5002911.5,5086537.5,4841040.0,5703006.5,4669507.0,4574718.5,5347100.0,4626044.5,4703826.5,4305403.0,4602004.0,4112828.2,0,9249742.0,0,0,0,4799582.0,0,
1910,826.4871205723327,8.533459,,,,,,,,,,,4813675.0,5289963.5,4593839.5,5494017.0,4715391.0,4800170.5,5302701.0,4543879.0,4575681.5,4260047.5,4501144.5,4237800.0,8481328.0,8939691.0,8403593.0,5431516.0,5134479.0,5001297.5,0,
1911,826.4774852306613,8.53505,,,,,,,,,,,0,0,0,0,0,0,0,0,0,0,0,0,0,0,0,0,0,0,4378486.0,
1912,688.5247146994295,8.549465,,,,,,,,,,,1251150.2,1390742.9,1155971.4,1409139.1,1284956.1,1798870.4,1377768.6,1214571.6,1232785.4,1156808.1,1116186.6,983967.4,0,2479411.2,0,1539529.0,0,1165193.6,0,
1913,688.5242805616436,8.551469,,,,,,,,,,,1213519.2,1397768.6,1160841.9,1347010.1,1209622.8,1896254.1,1423167.2,1193230.0,1132133.9,1128712.8,1055249.4,964443.7,2747851.8,2386751.8,2203773.0,1503524.5,1450376.1,1216568.5,0,
1914,782.4608253690676,8.556644,,,,,,,,,,,1.4310806E7,1.302794E7,1.246149E7,1.3877803E7,1.3695568E7,1.2943152E7,1.4060608E7,1.2696097E7,1.2524615E7,1.2986042E7,1.2566757E7,1.251432E7,0,2.5485126E7,1.1271038E7,1.0201986E7,0,1.3079246E7,0,
1915,782.460536466274,8.557934,,,,,,,,,,,1.3577479E7,1.3452279E7,1.2287898E7,1.3259177E7,1.3459278E7,1.313302E7,1.3516327E7,1.2611565E7,1.2420352E7,1.2340401E7,1.2354904E7,1.1951843E7,2.2652176E7,2.4486956E7,2.3376402E7,1.4347401E7,1.4237623E7,1.3241502E7,0,
1916,782.4514185534937,8.560138,,,,,,,,,,,0,0,0,0,0,0,0,0,0,0,0,0,0,0,0,0,0,0,1.2324122E7,
1917,312.3642380535344,8.570371,,,,,,,,,,,1209974.2,1147683.4,937928.3,0,1260241.1,1067476.6,1211718.5,1027324.25,1050126.2,1154470.2,1028921.94,891913.0,0,2038784.9,1802281.8,0,0,987396.2,0,
1918,644.4987230848219,8.57407,,,,,,,,,,,2092246.0,2233388.0,1862110.6,0,2288765.5,2754790.2,2277431.0,2134509.5,2038242.1,2064926.2,1784730.0,1631443.5,0,3585917.5,0,0,0,2022377.4,0,
1919,644.4905543951946,8.576732,,,,,,,,,,,0,0,0,0,0,0,0,0,0,0,0,0,0,0,0,0,0,0,1947362.9,
1920,738.4255473358373,8.576732,,,,,,,,,,,0,0,0,0,0,0,0,0,0,0,0,0,0,0,0,0,0,0,2.498365E7,
1921,644.4981273703482,8.576705,,,,,,,,,,,2052765.4,2385552.5,1834741.8,2177266.2,2272566.0,2803966.0,2244083.8,2035752.1,1981301.2,1922141.9,1797861.1,1592264.4,3691535.2,3682915.2,3143072.2,2209422.8,2327544.5,2137812.8,0,
1922,312.3640084278425,8.577955,,,,,,,,,,,1137464.6,1212552.4,946889.0,1218538.4,1204886.9,1088055.1,1203424.9,994834.4,1000134.1,1145315.1,979390.9,846327.3,2559381.8,2022112.9,1747193.8,1270901.5,1203089.8,1072320.2,0,
1923,738.4347313586695,8.58103,,,,,,,,,,,2.789049E7,2.7287674E7,2.5776358E7,0,2.7880272E7,2.682201E7,2.7917976E7,2.8752628E7,2.6542534E7,2.6381126E7,2.4446322E7,2.5997476E7,0,5.3438776E7,0,0,0,2.7936476E7,0,
1924,738.4342076228988,8.5817375,,,,,,,,,,,2.7345092E7,2.7154248E7,2.504055E7,2.7610806E7,2.798161E7,2.650941E7,2.7817342E7,2.7079162E7,2.6004556E7,2.595283E7,2.5031214E7,2.5078128E7,4.502839E7,5.102588E7,4.8449576E7,2.8635172E7,3.0503492E7,2.7792376E7,0,
1925,400.37593604615296,8.584977,,,,,,,,,,,0,0,0,0,0,0,0,0,0,0,0,0,0,0,0,0,0,0,1452429.1,
1926,400.3809185259094,8.587936,,,,,,,,,,,1636074.5,1717504.6,1476203.6,0,1750378.9,1920717.0,1687821.0,1806245.0,1618751.2,1588639.8,1429452.5,1573891.9,0,3759720.5,0,0,0,1676020.6,0,
1927,130.16694614359525,8.624221,,,,,,,,,,,0,0,0,0,0,0,0,0,0,0,0,0,153517.83,150980.45,147417.86,0,0,0,0,
1928,400.38054370406144,8.594812,,,,,,,,,,,1538631.4,1869221.0,1498400.9,1704894.1,1684002.4,2062162.2,1633432.2,1744035.6,1507833.0,1503908.8,1369204.8,1429716.9,4515949.0,3641647.0,2985267.8,2018486.0,1869351.6,1783572.5,0,
1929,600.4714899532797,8.598164,,,,,,,,,,,2613356.2,3077905.5,2809442.8,2804781.5,3068922.8,3748953.0,3271804.2,2831299.2,2744117.5,2608861.5,2594768.0,2590772.8,0,4906377.0,4238505.0,0,0,2867595.0,0,
1930,600.4710946337302,8.599903,,,,,,,,,,,2683346.2,3159637.8,2620230.5,2830867.5,2928606.5,3785684.2,3138474.8,2809101.8,2751410.8,2558958.8,2612186.8,2570701.0,5706263.5,4839921.5,4253136.0,3260975.8,3190331.5,2891351.0,0,
1931,600.464169166886,8.601459,,,,,,,,,,,0,0,0,0,0,0,0,0,0,0,0,0,0,0,0,0,0,0,2578724.2,
1932,694.407498901359,8.605966,,,,,,,,,,,4.5468172E7,0,4.5441124E7,4.687654E7,4.5226656E7,4.2990444E7,4.6551548E7,4.745801E7,4.5128176E7,4.3236156E7,4.3752828E7,4.719594E7,7.748367E7,8.2549496E7,7.880739E7,4.9519264E7,4.713697E7,4.5219756E7,0,
1933,694.4078725990514,8.606716,,,,,,,,,,,4.3844984E7,4.5948988E7,4.315306E7,4.488667E7,4.4327496E7,4.232516E7,4.6829944E7,4.539073E7,4.282155E7,4.2020544E7,4.3064224E7,4.5039132E7,7.748367E7,8.281406E7,7.930934E7,5.198775E7,4.767496E7,4.311783E7,0,
1934,694.3996326311982,8.609685,,,,,,,,,,,0,0,0,0,0,0,0,0,0,0,0,0,0,0,0,0,0,0,4.0243056E7,
1935,556.445026432384,8.622563,,,,,,,,,,,3772332.5,3953883.8,3528936.0,0,4315089.0,4836740.0,4091482.2,4000890.8,3782485.5,3495014.8,3395434.0,3356531.5,0,6772562.5,0,0,0,3626893.8,0,
1936,556.4382337665043,8.625989,,,,,,,,,,,0,0,0,0,0,0,0,0,0,0,0,0,0,0,0,0,0,0,3732641.0,
1937,650.3738592831935,8.625989,,,,,,,,,,,0,0,0,0,0,0,0,0,0,0,0,0,0,0,0,0,0,0,5.955451E7,
1938,556.4445761602125,8.625696,,,,,,,,,,,3711473.0,3985615.5,3450120.0,4075178.5,4079636.5,4792426.0,3976236.2,3686858.0,3605466.2,3437372.2,3367736.5,3405742.2,7339298.0,6786198.0,5553062.5,3910104.8,4033495.8,3841663.5,0,
1939,650.3811910537346,8.629336,,,,,,,,,,,6.5137064E7,6.505275E7,6.2923684E7,6.908665E7,6.74489E7,0,6.618457E7,6.299155E7,6.2807896E7,6.3175376E7,6.273925E7,6.139741E7,1.1136109E8,1.2593663E8,1.0922525E8,7.0684E7,6.7058412E7,6.061035E7,0,
1940,650.3815097029113,8.630212,,,,,,,,,,,6.2318156E7,6.4206096E7,6.1062176E7,7.053207E7,6.733382E7,6.355596E7,6.456438E7,6.2273736E7,6.1326416E7,6.1721276E7,6.1507336E7,6.0204976E7,1.1136109E8,1.2593663E8,1.0922525E8,6.594697E7,6.929027E7,6.060933E7,0,
1941,512.418832198906,8.644715,,,,,,,,,,,4534157.0,4905613.5,4609651.5,2452325.0,5060481.5,5766442.5,5269161.0,4666864.5,4584490.0,4215557.0,4158831.5,4033627.0,0,8468559.0,0,0,0,4634640.5,0,
1942,336.32794139090515,8.650142,,,,,,,,,,,1876337.9,1752355.4,1593489.8,1142039.4,1904447.1,2125174.0,1854487.0,2358084.5,1728989.1,1329472.1,989430.6,973104.8,0,1623803.8,728777.44,0,0,2219783.2,0,
1943,512.4185096499382,8.648612,,,,,,,,,,,4437983.0,4740563.0,4522032.0,4668896.0,4852837.0,5830694.0,5048896.0,4391943.0,4465355.5,4228094.5,4122535.0,4019984.8,9963409.0,8286609.0,7088586.5,5032492.0,5048305.0,4567416.0,0,
1944,606.3547276026786,8.65308,,,,,,,,,,,7.399963E7,6.739487E7,7.952172E7,7.876357E7,7.920511E7,7.552424E7,8.0257896E7,7.650758E7,7.75535E7,7.775671E7,7.408233E7,7.549868E7,1.472697E8,1.3988747E8,1.3933296E8,8.204023E7,8.2755064E7,7.845203E7,0,
1945,327.29833764016354,8.650335,,,,,,,,,,,0,0,0,0,0,0,0,0,0,0,0,0,0,0,0,0,0,0,1880671.1,
1946,336.3238002842418,8.650335,,,,,,,,,,,0,0,0,0,0,0,0,0,0,0,0,0,0,0,0,0,0,0,2339559.5,
1947,512.4124900982267,8.650335,,,,,,,,,,,0,0,0,0,0,0,0,0,0,0,0,0,0,0,0,0,0,0,4558533.5,
1948,606.347802888612,8.650335,,,,,,,,,,,0,0,0,0,0,0,0,0,0,0,0,0,0,0,0,0,0,0,7.302543E7,
1949,606.3549418531389,8.65308,,,,,,,,,,,7.274125E7,7.820888E7,7.58807E7,8.1051176E7,7.740496E7,7.3253576E7,7.735122E7,7.465196E7,7.465578E7,7.5631096E7,7.3190184E7,7.393132E7,1.472697E8,1.3988747E8,1.3933296E8,8.552479E7,8.0164664E7,7.662959E7,0,
1950,637.4971425890311,8.654387,,,,,,,,,,,4.5944744E7,5.636441E7,325405.75,4.713903E7,4.938961E7,4.680198E7,4.72915E7,4.62964E7,4.5213308E7,4.5651324E7,4.4956228E7,4.640709E7,541042.5,9.555774E7,8.593344E7,385536.16,5.120377E7,4.9279092E7,0,
1951,327.302154771051,8.653071,,,,,,,,,,,1808672.5,1936032.1,1989270.4,1911673.4,1936816.8,1916176.0,2053608.0,1705091.2,1858349.4,1878061.4,1864312.4,1886201.1,2064412.1,2092073.0,1955433.0,1928025.0,1961493.6,2045698.8,0,
1952,682.5475624056197,8.658389,,,,,,,,,,,0,0,0,0,0,0,0,0,0,0,0,0,0,0,0,0,0,0,2717747.8,
1953,336.3277957996924,8.657535,,,,,,,,,,,1822263.1,1858783.5,1539370.9,1468408.1,1932805.9,2210828.8,1844433.1,2296439.8,1712176.2,1288036.8,930739.06,1006203.9,1990310.6,1629151.1,2521748.2,2207738.8,2288056.5,2173829.5,0,
1954,468.39269142449064,8.66712,,,,,,,,,,,5119918.5,5579814.5,5074914.0,0,4878476.0,5806069.5,5173672.5,4880187.0,4572838.5,4744165.5,4992221.5,4820237.0,0,8906819.0,0,2149464.5,0,5025665.5,0,
1955,581.4342910601669,8.6605625,,,,,,,,,,,2612356.8,2937596.2,2673003.5,3005387.2,2714993.8,2473842.2,2870679.5,2563931.5,2546571.0,2667927.2,2933039.2,2750214.2,0,5049053.5,0,2054767.8,0,2943902.0,0,
1956,637.4977041266965,8.664688,,,,,,,,,,,4.6763292E7,5.264387E7,4.6080684E7,0,5.0508976E7,4.562875E7,5.0593484E7,4.6679816E7,4.649589E7,4.822278E7,0,1.4545722E7,0,9.555774E7,0,0,0,4.788597E7,0,
1957,659.4796280492887,8.6632395,,,,,,,,,,,5921304.5,6580711.0,5376147.0,6308679.5,5917129.5,5883420.0,6162763.5,5599174.5,5161345.0,5368676.0,4662008.0,4338647.5,0,1.0316054E7,0,6308882.5,0,5608050.5,0,
1958,682.5559754446373,8.66341,,,,,,,,,,,2581737.8,2461418.2,2879151.2,0,2454818.0,2487613.0,2371476.5,2874853.2,2815045.8,2985916.8,3217608.2,3249505.2,0,4176462.2,569806.5,0,0,2613039.0,0,
1959,682.5554958931062,8.662444,,,,,,,,,,,2550412.0,2479925.8,2759654.2,2356195.8,2396480.5,2636696.8,2178408.8,2644503.8,2674177.0,2798139.0,2945838.8,3137052.5,3098708.0,4119482.0,3705055.8,2349571.8,2465600.5,2800847.5,0,
1960,581.4339765523071,8.662444,,,,,,,,,,,2608235.5,3208874.0,2495008.2,2670492.5,2716084.2,2519440.5,2577396.5,2643778.8,2561071.8,2629979.5,2693370.0,2745090.2,6079211.5,5108838.0,4609719.5,3036442.8,2711053.2,2964589.2,0,
1961,468.38687352578216,8.666464,,,,,,,,,,,0,0,0,0,0,0,0,0,0,0,0,0,0,0,0,0,0,0,4786352.0,
1962,581.4272367058456,8.666464,,,,,,,,,,,0,0,0,0,0,0,0,0,0,0,0,0,0,0,0,0,0,0,2359842.8,
1963,637.4895773952954,8.666464,,,,,,,,,,,0,0,0,0,0,0,0,0,0,0,0,0,0,0,0,0,0,0,4.2709104E7,
1964,659.4715195560125,8.666464,,,,,,,,,,,0,0,0,0,0,0,0,0,0,0,0,0,0,0,0,0,0,0,4671374.5,
1965,659.4792428167239,8.666011,,,,,,,,,,,5842030.0,6673840.5,4906505.5,6277352.0,6063290.0,5955370.5,5912576.0,5400536.0,5040111.5,5166815.5,4369223.0,4279303.5,9680210.0,1.0042696E7,1.0719715E7,6556241.0,6510311.0,5697872.5,0,
1966,468.39242756867003,8.668232,,,,,,,,,,,4904531.0,5845478.5,4722505.5,4980615.5,4866395.5,5842155.0,5018760.5,4794729.0,4542645.5,4666081.0,4630837.5,4752017.5,1.037199E7,8949294.0,7983697.0,5645972.0,5592136.0,4991816.5,0,
1967,637.4970316626785,8.66289,,,,,,,,,,,4.6763292E7,5.636441E7,4.3093588E7,5.0283948E7,5.0508976E7,4.680198E7,5.0593484E7,4.6679816E7,4.649589E7,4.822278E7,4.7522228E7,4.9754228E7,1.0728993E8,9.5487176E7,9.030396E7,5.117555E7,5.7067296E7,4.9279092E7,0,
1968,562.3283475868298,8.674025,,,,,,,,,,,7.7543576E7,7.548148E7,7.26408E7,7.661703E7,7.297582E7,7.17988E7,7.441822E7,7.158154E7,7.19695E7,6.97755E7,7.1370744E7,7.054207E7,1.27081336E8,1.3817392E8,1.3175657E8,8.481496E7,8.2917064E7,7.218658E7,0,
1969,562.3216365260377,8.674489,,,,,,,,,,,0,0,0,0,0,0,0,0,0,0,0,0,0,0,0,0,0,0,7.1824664E7,
1970,562.3279324120848,8.673714,,,,,,,,,,,8.027592E7,0,7.14201E7,7.834156E7,7.625829E7,0,7.509945E7,7.350906E7,7.26826E7,7.097126E7,6.985808E7,7.145493E7,1.27081336E8,1.3817392E8,1.3175657E8,8.125344E7,7.86154E7,7.398425E7,0,
1971,567.2837416854074,8.674913,,,,,,,,,,,2340759.0,2017476.6,2069990.6,2178872.5,1967158.5,2167723.0,2066833.8,2049958.4,1937786.9,1988647.8,1968131.6,1967909.5,3523292.5,3696676.0,3503202.8,2280652.0,2048887.9,2133038.2,0,
1972,424.3659681782404,8.680853,,,,,,,,,,,4804419.5,4722634.0,4605172.5,0,4891719.5,5480138.0,5497445.0,4654037.5,4717104.0,4403498.5,4063795.2,4294213.5,0,8856169.0,0,0,0,4659733.5,0,
1973,424.3605940126534,8.682506,,,,,,,,,,,0,0,0,0,0,0,0,0,0,0,0,0,0,0,0,0,0,0,4274472.5,
1974,424.3656990488587,8.685139,,,,,,,,,,,4726940.5,4748024.0,4395153.0,4728122.5,4805689.0,5656522.5,5139911.0,4559561.5,4490069.5,4409118.5,4214762.0,4192905.2,1.0530914E7,8818484.0,7405026.0,5483436.0,5224879.0,4676350.5,0,
1975,280.2651147061237,8.690702,,,,,,,,,,,1.1225867E8,1.3003613E8,1.2377251E8,0,1.4151974E8,1.4479275E8,1.3834184E8,1.12967384E8,1.3842734E8,1.3650043E8,705015.7,589576.56,0,563647.5,0,0,0,8.467452E7,0,
1976,523.2578208855238,8.688296,,,,,,,,,,,3725627.0,3847497.0,3842875.0,1675826.5,3771699.8,3861360.5,4411748.0,3832342.5,3940620.5,4176922.5,3463799.0,3175418.8,0,5509542.5,0,0,0,3465810.5,0,
1977,263.2384183761146,8.6887865,,,,,,,,,,,1.9583262E7,2.1470882E7,2.0034322E7,2.1260668E7,2.0788148E7,2.477566E7,2.0014442E7,1.7516756E7,2.4195506E7,2.3300524E7,0,0,0,0,2.0188992E7,1.7820768E7,2.0616352E7,1.3966743E7,0,
1978,245.22776984259613,8.689359,,,,,,,,,,,5783874.5,6804040.5,6235726.5,6911627.5,6235036.5,7401972.5,5907331.0,5456762.0,7340044.0,7400909.0,0,0,0,0,6176177.5,5553868.5,5926521.0,4306192.0,0,
1979,559.5221949131338,8.686972,,,,,,,,,,,2850054.8,3799083.0,2643814.5,4545642.5,3816309.8,3991098.8,4053473.5,3930271.2,3953168.0,3532970.5,0,0,239097.95,0,3402376.2,3560548.5,3411544.2,2620362.0,0,
1980,302.24709511080613,8.690501,,,,,,,,,,,3421849.0,4738393.5,2900443.0,4896291.0,4676015.0,4916504.5,4945556.0,5345694.5,5135548.0,4090423.8,0,0,0,0,4097445.0,4210928.5,4383316.5,3531898.8,0,
1981,245.22476345732468,8.690506,,,,,,,,,,,0,0,0,0,0,0,0,0,0,0,0,0,0,0,0,0,0,0,5660934.5,
1982,263.2351922536979,8.690506,,,,,,,,,,,0,0,0,0,0,0,0,0,0,0,0,0,0,0,0,0,0,0,1.869847E7,
1983,280.2615256721109,8.690506,,,,,,,,,,,0,0,0,0,0,0,0,0,0,0,0,0,0,0,0,0,0,0,1.1192827E8,
1984,302.24339328315557,8.690506,,,,,,,,,,,0,0,0,0,0,0,0,0,0,0,0,0,0,0,0,0,0,0,3512953.0,
1985,380.33440328298445,8.690506,,,,,,,,,,,0,0,0,0,0,0,0,0,0,0,0,0,0,0,0,0,0,0,3518448.0,
1986,518.2957784943268,8.690506,,,,,,,,,,,0,0,0,0,0,0,0,0,0,0,0,0,0,0,0,0,0,0,4.9227252E7,
1987,245.22758677721356,8.689547,,,,,,,,,,,5708408.0,0,6142973.0,6654990.5,7274228.5,0,6938297.5,5543382.0,7928673.5,7576013.0,0,0,0,0,5700970.5,4838259.5,5908181.0,0,0,
1988,263.23822651497983,8.690274,,,,,,,,,,,1.8744168E7,0,2.070149E7,2.1491098E7,2.4241154E7,0,2.3785476E7,1.8172E7,2.4446384E7,2.3506478E7,0,0,0,0,1.8263854E7,1.5374475E7,1.937347E7,0,0,
1989,302.24686658057095,8.690277,,,,,,,,,,,4074581.0,0,3134738.8,4821022.5,5504169.5,0,5463294.5,6132281.0,5976495.0,3937340.0,0,0,0,0,4068839.0,3997910.8,4229624.5,0,0,
1990,559.5214971806404,8.696103,,,,,,,,,,,3226334.8,0,2851914.5,4543983.5,4181292.0,360281.25,3995557.2,4171002.2,4170397.0,3426924.8,150623.73,163110.16,288135.25,324020.94,3210954.0,3255055.8,3284613.0,505988.84,0,
1991,380.33925591414396,8.69255,,,,,,,,,,,3610985.5,3708321.8,3645835.8,0,3510975.0,4259348.5,4048522.5,3588049.2,3642366.2,3439046.8,3736883.0,3362069.5,0,7729318.0,0,0,0,3638863.8,0,
1992,518.3024517362433,8.690706,,,,,,,,,,,5.3545936E7,5.0949524E7,5.289653E7,0,5.1111536E7,5.149898E7,5.8377364E7,5.390888E7,5.3016256E7,5.310087E7,0,4.7980264E7,0,9.057607E7,0,0,0,5.1242976E7,0,
1993,518.302104214323,8.691808,,,,,,,,,,,5.285229E7,5.3694296E7,5.304181E7,5.454218E7,4.9838452E7,5.310772E7,5.5037612E7,5.3119172E7,5.1630588E7,5.1762004E7,5.286405E7,4.80604E7,9.011506E7,9.057607E7,9.237773E7,5.582544E7,5.517635E7,5.382581E7,0,
1994,523.2575079110383,8.691808,,,,,,,,,,,3549775.5,4324738.5,3741162.0,3865734.0,3488294.0,4165217.2,3854961.5,3764792.8,3843071.5,3962551.5,3280045.2,3162497.5,5588528.0,5584021.0,6432288.5,3721853.0,4020733.5,3799646.0,0,
1995,280.2648684464789,8.692249,,,,,,,,,,,1.17387144E8,1.4527926E8,1.2059396E8,1.2720316E8,1.2028789E8,1.5849986E8,1.1855714E8,1.0850822E8,1.3918763E8,1.354285E8,600846.2,576052.8,551200.1,526241.1,1.1110975E8,8.9959464E7,1.14436216E8,9.380628E7,0,
1996,319.28612389071856,8.695361,,,,,,,,,,,2637041.0,2596708.2,2608057.0,2888041.8,2565375.0,3042440.0,2656767.0,2793212.2,2434219.8,2495391.2,2229816.2,2335141.2,6218057.0,5209860.0,4369689.0,3296403.0,3164885.8,2880725.0,0,
1997,380.339003435354,8.695362,,,,,,,,,,,3565660.0,3792984.5,3567882.2,3823077.5,3674979.0,4331187.0,3967362.0,3623259.2,3571386.0,3496343.2,3482315.0,3401440.2,8525275.0,7556909.5,5829190.0,4254949.5,4105748.0,3815362.0,0,
1998,336.312633826353,8.695362,,,,,,,,,,,2826902.8,3025965.5,2831865.8,3094494.8,2907305.2,3118558.2,3067161.5,3148217.2,2852738.5,2686759.8,2738372.5,2631898.0,7029610.0,5769111.0,4654854.5,3531760.8,3463824.8,3167449.0,0,
1999,363.31241645227163,8.694917,,,,,,,,,,,2759588.8,2920513.2,2649414.8,2904769.2,2957788.2,3271848.0,3109330.0,2645422.8,2556033.8,2785508.0,2692037.8,2565963.5,6687786.0,6034192.0,4638063.0,3304791.5,3151719.8,2926151.0,0,
2000,242.2490956646227,8.699084,,,,,,,,,,,3019979.5,3973665.8,3029840.2,3732230.8,3532279.5,4138400.2,3202474.0,3109918.5,3997219.8,3913924.8,0,0,0,0,3569623.0,2302523.0,3728491.5,2110779.0,0,
2001,242.24891602235348,8.699746,,,,,,,,,,,3315177.8,0,3006289.5,3360268.2,4102205.8,0,3563907.8,3228032.0,4502920.5,4307792.5,0,0,0,0,3196425.0,2138972.0,3351116.2,0,0,
2002,144.0467083382114,8.706574,,,,,,,,,,,0,0,0,0,0,0,0,0,0,0,0,0,0,0,0,0,0,0,3226517.2,
2003,277.1448827919861,8.706574,,,,,,,,,,,0,0,0,0,0,0,0,0,0,0,0,0,0,0,0,0,0,0,3944695.8,
2004,474.27023347562636,8.706574,,,,,,,,,,,0,0,0,0,0,0,0,0,0,0,0,0,0,0,0,0,0,0,2.574245E7,
2005,474.2762665714265,8.709615,,,,,,,,,,,2.8869916E7,2.7377858E7,2.790679E7,1.1046579E7,2.82066E7,2.6702074E7,2.8573612E7,2.840187E7,2.8216598E7,2.8900716E7,0,0,0,4.7871764E7,0,5857152.5,0,2.6475466E7,0,
2006,144.0484311617491,8.709648,,,,,,,,,,,3708312.0,3208334.5,3351481.8,3205402.5,3407092.8,3435335.8,3559471.0,3369219.5,3579123.8,3494685.0,3501937.5,3445335.5,5368060.5,6315767.0,6172517.0,3712538.2,3409924.5,3134629.2,0,
2007,233.12188839992385,8.70947,,,,,,,,,,,4701520.0,4627202.5,4317749.0,0,4302973.5,4503491.0,5050496.0,4578926.5,4691298.0,4821192.0,0,5181341.5,0,7873938.5,596189.0,0,0,4287052.0,0,
2008,277.148383289185,8.711636,,,,,,,,,,,4314350.0,4112790.8,4365451.5,0,4462945.5,4187779.0,4654457.0,4364071.0,4428521.0,4551576.0,0,4628427.5,0,7108792.5,0,1223643.5,0,3907444.0,0,
2009,430.24991725579406,8.716517,,,,,,,,,,,1.1365081E7,1.0827403E7,1.0664934E7,4547161.5,1.0734837E7,1.0578221E7,1.1378933E7,1.0910403E7,1.1479914E7,1.0913158E7,5649815.0,4449901.0,0,1.8764692E7,0,0,0,1.0516212E7,0,
2010,474.276227189704,8.709648,,,,,,,,,,,2.7524864E7,2.7495672E7,2.6653716E7,2.7547838E7,2.7805672E7,2.5881066E7,2.7593106E7,2.7764746E7,2.7275146E7,2.7644216E7,2.7210164E7,2.7685788E7,4.518653E7,4.7863548E7,4.6727492E7,2.9113752E7,2.9146858E7,2.7002498E7,0,
2011,277.14823390017835,8.710545,,,,,,,,,,,4243435.5,4123489.2,4139900.0,4006608.5,4165946.8,4058404.8,4342454.0,4342812.5,4361375.5,4324796.5,4311738.0,4368167.0,6945118.0,7212580.5,7447407.5,4324429.5,4124829.2,4235766.5,0,
2012,189.09530394246684,8.713231,,,,,,,,,,,2858237.8,2706653.0,2393217.8,2481487.0,2684047.5,3080124.8,2927749.5,2568186.5,2787858.5,2707086.5,2668758.0,2746006.0,4232780.5,4384502.5,4684919.0,2888134.0,2563823.2,2545008.5,0,
2013,502.30712210617406,8.713237,,,,,,,,,,,2596892.2,2153341.0,2592139.8,1770429.8,2231014.8,2358873.2,2205871.8,2519038.8,2638848.0,2697206.8,3025736.0,3257814.2,2040345.6,3281823.0,2804063.5,1871747.4,2039309.0,2323103.0,0,
2014,189.0930108596736,8.71467,,,,,,,,,,,0,0,0,0,0,0,0,0,0,0,0,0,0,0,0,0,0,0,2502023.8,
2015,233.11892797456298,8.71467,,,,,,,,,,,0,0,0,0,0,0,0,0,0,0,0,0,0,0,0,0,0,0,4249622.5,
2016,430.24447013651667,8.71467,,,,,,,,,,,0,0,0,0,0,0,0,0,0,0,0,0,0,0,0,0,0,0,1.0233135E7,
2017,233.12177823815122,8.715481,,,,,,,,,,,4684050.0,4652301.5,4178769.8,4333769.0,4516673.0,4906567.5,4725555.0,4551019.5,4683295.0,4502640.5,4541084.0,4680471.5,7053191.5,7819354.5,7359512.0,4884226.0,4496223.5,4548767.0,0,
2018,430.24977211106835,8.715487,,,,,,,,,,,1.1383662E7,1.0605983E7,1.0246974E7,1.0821899E7,1.0940924E7,1.0815512E7,1.1198916E7,1.0771623E7,1.120672E7,1.0375721E7,1.0291481E7,1.0469693E7,1.7874132E7,1.8349334E7,1.7903554E7,1.1553833E7,1.1420776E7,1.1170634E7,0,
2019,635.4757992491019,8.73103,,,,,,,,,,,0,0,0,0,0,0,0,0,0,0,0,0,0,0,0,0,0,0,1792872.4,
2020,635.4835257949003,8.734024,,,,,,,,,,,1978650.8,1909078.1,1753905.6,2127191.5,1954354.1,1980385.4,1828869.0,1781985.1,1836213.1,1787197.6,1942501.5,1726715.2,4199280.5,4060886.0,3567224.2,2126854.0,2160240.5,1910393.4,0,
2021,635.4838112564361,8.74199,,,,,,,,,,,2134118.0,1844001.5,1820185.6,0,2070023.5,2060893.8,1911977.6,1878566.4,1907961.9,1830807.4,0,0,838640.2,4092953.0,912428.7,0,750387.2,1826098.6,0,
2022,461.36515475279793,8.793443,,,,,,,,,,,0,1551780.9,0,1211641.9,1726532.1,1519859.6,2463069.8,2212396.8,1389331.4,1990031.9,0,0,0,0,522742.34,668828.9,0,589726.94,0,
2023,397.3123215982651,8.808385,,,,,,,,,,,0,911639.0,0,1583342.5,2708280.8,1858699.2,2639525.2,2266698.8,1549717.0,1559088.8,0,0,0,0,660928.56,742039.4,668690.7,661604.9,0,
2024,397.31193131737956,8.809106,,,,,,,,,,,0,0,0,1521826.5,2719269.2,0,2735008.2,2240821.8,1590453.2,1699957.4,0,0,0,0,638239.94,742039.4,679769.5,0,0,
2025,280.2650549796979,8.808645,,,,,,,,,,,9023247.0,6186731.5,1.1134671E7,1.3720628E7,1.6404716E7,1.5088311E7,1.3018443E7,1.3017077E7,1.4704014E7,1.0155699E7,0,0,625630.75,0,9262384.0,1.125078E7,1.1258829E7,1.1533834E7,0,
2026,263.238689010761,8.818747,,,,,,,,,,,1296517.1,1830651.4,1659353.9,2135083.8,2267832.2,2400719.8,1845591.0,2034797.0,2193467.0,1573765.6,0,0,0,0,1543991.4,1614959.5,1716505.2,1619393.5,0,
2027,280.2651828693609,8.813586,,,,,,,,,,,8594458.0,1.1370061E7,1.0734012E7,1.3720628E7,1.4050415E7,1.4907816E7,1.1961913E7,1.2547737E7,1.3311045E7,1.0261936E7,0,0,431945.38,0,9754725.0,1.036729E7,1.2218115E7,1.0207909E7,0,
2028,263.23536832214785,8.822361,,,,,,,,,,,0,0,0,0,0,0,0,0,0,0,0,0,0,0,0,0,0,0,1469136.9,
2029,280.2617298130261,8.822361,,,,,,,,,,,0,0,0,0,0,0,0,0,0,0,0,0,0,0,0,0,0,0,9390078.0,
2030,600.4204875375998,8.835797,,,,,,,,,,,0,4948509.5,0,6454414.5,5362754.0,4697852.0,4676233.0,4958158.5,4493027.0,4846604.5,0,0,0,0,2652215.8,3118394.2,2706640.8,2737364.2,0,
2031,600.4202478598237,8.839054,,,,,,,,,,,0,1424630.0,0,6165955.5,5594135.0,0,4816750.5,5343330.5,4405018.0,4887493.0,0,0,0,0,2660538.8,2866727.8,2604875.8,2728235.5,0,
2032,600.4131255431267,8.838971,,,,,,,,,,,0,0,0,0,0,0,0,0,0,0,0,0,0,0,0,0,0,0,2746694.5,
2033,635.3953043950546,8.848743,,,,,,,,,,,0,0,0,9630974.0,9897597.0,1499798.9,3725466.2,3365344.5,4484928.0,1.0823419E7,0,0,0,0,5842573.0,5720875.5,5507479.0,2536850.8,621424.1,
2034,613.4137356387547,8.841245,,,,,,,,,,,0,2.155884E7,0,9891538.0,1.036963E7,1.2123341E7,3661368.2,3495905.0,5419583.0,1.2900893E7,0,0,0,0,6272456.0,6006326.5,5866132.5,5209126.5,0,
2035,630.440528699626,8.841926,,,,,,,,,,,0,6506109.0,0,3474688.0,3243225.2,3827905.5,1111652.8,1084047.4,1710995.8,4107368.8,0,0,0,0,2107894.8,1844839.4,1929908.6,1544705.0,0,
2036,635.395497791169,8.846781,,,,,,,,,,,0,2.0651598E7,0,8996593.0,9549815.0,1.0718367E7,3433998.8,2975833.8,4217011.0,1.0726711E7,0,0,0,0,6387966.5,6329389.0,5449920.0,4790246.0,621424.1,
2037,658.4721813526443,8.842607,,,,,,,,,,,0,1.0190462E7,0,4229450.0,5337149.5,6134160.0,1566177.9,1778870.0,2942336.0,7028272.0,0,0,0,0,2282030.5,2354578.5,2658657.8,2871798.0,0,
2038,630.440252664296,8.842147,,,,,,,,,,,0,0,0,3252761.8,3340782.0,4066241.0,1176532.9,1145389.5,1788677.5,4330930.5,0,0,0,0,2042505.5,1981650.0,1935510.9,1651230.1,0,
2039,635.3882304063465,8.847213,,,,,,,,,,,0,0,0,0,0,0,0,0,0,0,0,0,0,0,0,0,0,0,3680820.0,
2040,658.4638279780073,8.847213,,,,,,,,,,,0,0,0,0,0,0,0,0,0,0,0,0,0,0,0,0,0,0,2780037.0,
2041,223.06537648699327,8.863846,,,,,,,,,,,2191870.2,2526501.5,1921470.2,1529028.0,2840761.2,1966288.4,2177681.2,3003622.2,2170692.8,1338094.1,1882178.2,1424083.2,647116.9,8303810.0,865378.94,1294154.2,696812.6,2310404.0,0,
2042,746.5683523308081,8.869775,,,,,,,,,,,2121383.2,2164137.2,2103444.0,968894.5,2230020.2,2094904.2,2222106.0,2162014.0,2022677.4,1914730.6,0,1883108.4,1392048.5,3694740.8,2265329.8,1690154.4,1453149.2,2070490.6,960381.44,
2043,746.5580368421332,8.855484,,,,,,,,,,,0,0,0,0,0,0,0,0,0,0,0,0,0,0,0,0,0,0,1847769.9,
2044,371.10336203254286,8.856615,,,,,,,,,,,1356063.1,2187783.5,1270342.1,1407631.4,1747696.0,1666295.9,1524784.6,1782371.6,1424955.9,972739.5,1311413.4,1118425.2,5886394.5,6187479.0,3594792.8,3381978.2,2900668.0,1808337.4,0,
2045,297.0843062140225,8.856159,,,,,,,,,,,1694586.5,2353087.0,1356484.0,1547036.1,1873174.6,1717417.2,1627934.1,1878320.9,1446464.4,946078.5,1279400.1,1177582.5,5993155.0,6535395.5,3681466.8,3595439.2,3057414.0,1934759.1,0,
2046,223.06506325909547,8.856617,,,,,,,,,,,1881402.8,2845012.0,1693999.5,1966333.5,2314845.0,2055716.2,1991099.1,2528278.8,1927270.2,1294989.1,1681053.0,1444871.5,7546813.5,7816032.5,4555183.5,4354923.5,4025950.5,2281046.0,0,
2047,322.0796511575944,8.856616,,,,,,,,,,,1473787.1,2266362.0,1331345.2,1499875.5,1827459.5,1824887.9,1629768.8,2048506.8,1460860.6,1016873.9,1340554.4,1105888.4,6152074.5,6409459.0,3832952.5,3691238.5,3100198.0,1823776.9,0,
2048,480.1602101662837,8.857524,,,,,,,,,,,944502.75,1421831.5,808095.6,988587.3,1145538.6,1102279.5,975506.1,1143881.8,940272.4,642106.94,810708.94,764905.4,4141118.2,4383876.0,2356990.8,2386578.2,1895201.9,1162363.0,0,
2049,746.5671124918321,8.861759,,,,,,,,,,,2077003.8,2196881.5,2122964.2,2317287.5,2145846.2,2050979.2,2163006.2,2086293.9,1997020.9,1916857.8,2013726.5,1890166.5,3526158.0,3687908.0,3701124.2,2279116.8,2466529.2,2142239.5,960381.44,
2050,789.7236895745766,8.86754,,,,,,,,,,,884082.1,890468.1,847888.4,894478.6,849132.9,914258.06,821257.25,943772.2,828703.0,852250.1,859209.75,804169.7,3895036.0,1753637.6,1606423.9,979826.56,945901.1,858585.44,0,
2051,702.5409344225984,8.889416,,,,,,,,,,,4202598.0,4323690.5,4047299.2,4293126.5,4309313.5,4141760.8,4439855.5,3989061.8,4019526.5,4095979.5,4003537.0,3667811.2,6825701.5,7467085.5,6763727.5,4919534.0,4581684.0,4236224.0,3916135.0,
2052,702.542076554499,8.887558,,,,,,,,,,,4286520.0,4670028.5,4136769.8,4148210.2,4356615.0,4017092.8,4401064.5,4060712.5,4086240.5,4164623.5,0,3581379.2,5551837.0,7592969.0,6933649.0,4852086.5,4645772.0,4315270.0,3916135.0,
2053,268.2658998978165,8.890741,,,,,,,,,,,1.4849605E7,1.7533074E7,1.4084995E7,2.163742E7,1.6117856E7,2.4727546E7,1.7101734E7,1.5363343E7,2.0246048E7,1.6640034E7,0,0,0,0,1.2879681E7,1.5329112E7,1.4473237E7,1.24981E7,1.2045768E7,
2054,385.18124118776194,8.902853,,,,,,,,,,,1931731.0,1784148.9,1973738.2,1819918.1,1927060.5,1892437.4,1918031.8,1735653.2,1796041.6,1628177.9,1969071.9,1703210.2,1522788.8,1746343.5,1479325.4,1733871.5,1753445.6,1861837.1,1876035.0,
2055,520.2180615278747,8.90501,,,,,,,,,,,2112508.5,1888039.5,2120410.8,1923750.6,1746907.2,2171504.2,1852815.8,1802003.5,2136887.8,1767346.5,2056776.9,1792253.2,2199347.8,2249538.0,1835026.8,1707380.2,2025418.6,1810046.1,1825906.2,
2056,658.514638285025,8.916588,,,,,,,,,,,6953429.0,7050720.0,6593343.5,7332191.5,7180330.5,6768181.0,7710518.0,6901913.0,6888403.0,6609983.5,6598895.5,6411290.0,1.0319322E7,1.1258329E7,1.0311933E7,7570334.0,7457110.0,6969748.0,6924816.5,
2057,374.3059969407731,8.918189,,,,,,,,,,,851174.94,1189226.0,1976324.1,3604411.2,3468474.2,3342107.8,4974606.5,3513921.8,2891625.5,3391881.2,944566.6,853283.06,4089039.5,2469582.5,4827020.5,3833693.5,3516685.2,3244418.0,986885.56,
2058,1014.6248013430925,8.920544,,,,,,,,,,,0,2889601.2,0,1501612.8,1186123.0,2093434.2,683652.7,518836.72,1066049.6,2263774.8,0,0,0,0,814526.8,862812.75,841141.8,781676.1,814250.8,
2059,352.32374125244405,8.925065,,,,,,,,,,,1555921.9,1665222.1,4106848.8,5572198.0,5884632.0,5713561.0,8109905.5,1924123.5,5231962.0,5772239.0,2337669.2,2300356.5,8376676.5,5080272.0,7426871.0,5725042.5,5752253.0,5850831.5,1942038.2,
2060,352.324213642628,8.9181385,,,,,,,,,,,4667229.5,4597719.5,4194521.0,5589115.0,6003714.0,5882001.5,8599215.0,6592356.5,5327435.5,5905224.0,0,0,8450089.0,5059581.0,2465544.5,5838169.5,2364208.5,6020218.0,5951230.5,
2061,678.2605905211234,8.940483,,,,,,,,,,,4440047.5,4408307.5,4481154.5,4699378.5,4572103.0,4590584.5,4357851.5,4478315.0,4435877.0,4632116.5,4267074.0,4347526.5,8905551.0,8762011.0,8596974.0,4784469.0,4822576.5,4602934.0,4609163.5,
2062,614.4885161349449,8.943038,,,,,,,,,,,1.0556607E7,1.0726867E7,1.0541057E7,1.0710855E7,1.0986835E7,1.0625303E7,1.1030412E7,1.0313197E7,1.0901152E7,1.0226108E7,9477741.0,9981138.0,1.6243098E7,1.5958487E7,1.5938779E7,1.1537463E7,1.1504183E7,1.0194276E7,1.0128633E7,
2063,415.04617693040626,8.94897,,,,,,,,,,,1.5776303E7,1.7079874E7,1.5340198E7,1.7900088E7,1.6308437E7,1.5219055E7,1.7186322E7,1.5427567E7,1.648582E7,1.5534097E7,1.4120517E7,1.4910034E7,2.9788356E7,2.714554E7,2.5481508E7,2.0240526E7,1.8402584E7,1.5872247E7,1.5423662E7,
2064,500.142790916733,8.949381,,,,,,,,,,,1507302.2,1599675.4,1562923.2,1589909.9,1585807.6,1626842.2,1598597.4,1593777.8,1612834.5,1451312.1,1410663.0,1508674.5,4710698.5,3998496.0,4031910.8,1793660.6,1768767.8,1443836.9,1562085.1,
2065,767.1627341182873,8.9493885,,,,,,,,,,,5100879.5,5646788.5,4985903.0,5537948.0,5211663.0,4943583.0,5415248.5,4816733.0,5085488.5,4853398.5,4527793.0,4641422.5,1.0156372E7,9108940.0,8597147.0,6260608.0,6098767.0,5302731.0,4832328.0,
2066,353.12384603795743,8.949804,,,,,,,,,,,4.6231012E7,5.1366056E7,4.5732716E7,4.882241E7,5.024469E7,4.713628E7,4.7970084E7,4.837854E7,4.7961616E7,4.9602364E7,4.342009E7,4.650258E7,8.503602E7,7.729295E7,8.120614E7,5.0987716E7,5.090706E7,4.4210332E7,4.8123588E7,
2067,172.1170106521573,8.95023,,,,,,,,,,,3.2433996E7,3.5542104E7,3.2190174E7,3.29657E7,3.5091028E7,3.089536E7,3.3325118E7,3.2543276E7,3.4015616E7,3.495347E7,2.8911024E7,3.2433202E7,5.877916E7,5.114441E7,5.671932E7,3.4810936E7,3.554619E7,3.0429228E7,3.364907E7,
2068,204.08940444165992,8.95023,,,,,,,,,,,7791057.5,8399932.0,7937093.0,8096940.5,8142981.5,7751998.5,8006882.5,7881274.0,8271648.5,8471877.0,7156244.5,7682868.5,1.3739355E7,1.2392728E7,1.3870505E7,8160921.0,8522931.0,7448287.5,8196391.0,
2069,471.349333653436,8.95719,,,,,,,,,,,0,968773.56,0,1844367.9,3066987.2,1961910.9,2742073.5,1813234.2,1442717.4,1944297.0,0,0,0,0,595331.25,710121.0,730885.75,693890.4,710146.7,
2070,570.4617568884499,8.968946,,,,,,,,,,,1.3454579E7,1.3623872E7,1.3905654E7,1.4243966E7,1.3569882E7,1.3884886E7,1.4536924E7,1.3632098E7,1.3821796E7,1.2577272E7,1.3149629E7,1.348818E7,1.9988718E7,1.9882706E7,1.8973714E7,1.5347444E7,1.5394026E7,1.4025427E7,1.3843372E7,
2071,374.30654891461563,8.940564,,,,,,,,,,,2372812.8,3006588.2,2014228.4,3692603.5,3512382.5,1039953.4,1287805.8,980636.0,990401.75,3455725.2,0,0,4275807.0,2480940.2,1601686.5,3978773.2,1453692.4,1313566.1,3020683.8,
2072,195.12457729134982,9.003201,,,,,,,,,,,2292516.2,2648847.2,2093548.8,2306584.2,2188725.2,2501822.0,2316472.0,2137296.8,2144751.5,1968470.6,2367064.5,0,3588752.2,3672746.8,3173809.5,2434816.0,2458423.2,2138235.2,2297979.0,
2073,280.2662050942514,8.972607,,,,,,,,,,,2003221.6,1515632.6,1654697.0,2676936.8,2236636.8,2574677.5,2634086.2,2024072.6,2828789.5,1480568.6,0,0,0,0,1280980.9,1482277.8,1409311.6,1418018.0,1626736.5,
2074,600.4224435628214,8.991553,,,,,,,,,,,0,2809782.2,0,3958802.2,3375038.2,2967886.5,2834554.2,2715105.2,2867039.0,2849284.8,0,0,0,0,1589753.1,1822463.6,1870655.4,1578993.9,1582487.2,
2075,526.4348396009599,8.9940605,,,,,,,,,,,0,1.5205624E7,0,1.7679068E7,1.6551729E7,0,0,1.4532002E7,1.5661327E7,1.688927E7,1.5625018E7,1.6076036E7,2.2780356E7,0,0,0,0,0,0,
2076,526.435663317869,8.995908,,,,,,,,,,,1.5821222E7,1.5976584E7,1.505773E7,1.7294958E7,1.6066563E7,1.6520657E7,1.6348509E7,1.4378378E7,1.5249645E7,1.6144325E7,5754123.5,0,2.2780356E7,2.1812292E7,1.9276772E7,1.707603E7,1.7326698E7,1.6452108E7,1.4514416E7,
2077,482.4091751351004,9.01605,,,,,,,,,,,1.5868921E7,1.6704877E7,1.6008121E7,1.6533981E7,1.6203572E7,1.5659263E7,1.6482818E7,1.5971081E7,1.6216951E7,1.6149154E7,1.6094648E7,1.5606281E7,2.376793E7,2.2534498E7,2.094625E7,1.706685E7,1.7189746E7,1.6432691E7,1.4919487E7,
2078,438.3827503436588,9.034972,,,,,,,,,,,1.3579859E7,1.4423743E7,1.32016E7,1.4021742E7,1.379044E7,1.3661788E7,1.4838116E7,1.3540156E7,1.3526359E7,1.2987879E7,1.3496102E7,1.3657375E7,2.101221E7,2.0234746E7,1.8195522E7,1.4710982E7,1.4465108E7,1.3578927E7,1.3447433E7,
2079,195.12449096602913,9.0165415,,,,,,,,,,,2292516.2,2636583.2,2259894.2,2304982.0,2306236.2,2382024.0,2386232.8,2200477.5,2406658.0,1935154.9,2314017.5,2269128.2,3665304.8,3436965.5,3283088.2,2578410.2,2447197.2,2172477.2,2288744.8,
2080,394.35589403999245,9.045303,,,,,,,,,,,7907299.5,8437330.0,7135136.5,7994382.0,7939280.0,8241106.0,7952778.5,7401717.5,7212754.5,7138011.0,7675994.0,7566718.0,1.3208705E7,1.2483677E7,1.0933608E7,8520861.0,8528591.0,7538143.5,7782005.5,
2081,350.32937499487616,9.051349,,,,,,,,,,,3138523.2,3470429.8,3066491.5,3522126.0,3179216.2,3300670.0,3364982.2,3272274.0,3106069.8,2860557.2,3001695.2,2961257.8,6072797.5,5207197.0,4775133.0,3807589.5,3889937.0,3341877.5,3343853.0,
2082,256.2659724303889,9.066837,,,,,,,,,,,3500535.5,3807322.0,2610543.2,5499036.5,4842513.5,4027155.8,4246609.0,3788201.5,6254333.0,5124271.5,0,0,0,0,3484393.0,3196953.2,2946354.2,2532154.2,2818679.5,
2083,130.16039712165212,9.190317,,,,,,,,,,,1.751623E7,1.7952974E7,1.7568096E7,1.8713818E7,1.7327532E7,1.7356946E7,1.9464006E7,1.689483E7,1.7907948E7,1.7487868E7,1.6929374E7,0,2.9877154E7,3.0474076E7,0,2.0178066E7,1.983679E7,0,1.7548752E7,
2084,297.29299644640804,9.190236,,,,,,,,,,,4856491.5,6631000.0,3684896.5,5827990.0,9639421.0,7996080.5,7271317.0,7655308.5,6057533.0,6937093.5,0,0,0,180536.75,4907541.5,4273198.0,4057696.2,6085457.0,3970908.8,
2085,256.265666569921,9.193393,,,,,,,,,,,1.180282E8,1.33171736E8,8.3860184E7,1.01651304E8,1.8191909E8,1.5761469E8,1.4092811E8,1.6215994E8,1.1878097E8,1.2790705E8,2060285.2,1823726.8,1857537.5,3130175.5,8.73278E7,8.1153336E7,7.636427E7,1.2646815E8,8.875281E7,
2086,485.2906772493396,9.243341,,,,,,,,,,,0,0,0,3121467.0,0,0,0,955009.25,0,2901505.8,2587702.0,3023648.5,0,0,0,0,0,0,0,
2087,464.36167940958626,9.235499,,,,,,,,,,,6.4360188E7,6.3370364E7,0,6.6096892E7,6.860689E7,0,0,6.162273E7,6.4044624E7,5.9323772E7,5.780368E7,6.366882E7,0,0,0,0,0,0,0,
2088,469.31703184084637,9.227994,,,,,,,,,,,1.3293086E7,1.4485209E7,0,1.4574298E7,1.4881709E7,0,0,1.268769E7,1.3432526E7,1.3375011E7,1.234022E7,1.3405013E7,0,0,0,180873.73,0,0,162444.2,
2089,492.39300881202377,9.23671,,,,,,,,,,,0,0,0,5621549.5,6673927.0,0,0,6167342.0,6841311.0,7494990.5,6913913.5,7931610.0,0,0,0,0,0,0,0,
2090,469.31834233960865,9.23667,,,,,,,,,,,1.2134602E7,1.3830881E7,1.3391047E7,1.3670704E7,1.3497876E7,1.3255837E7,1.3768726E7,1.1902047E7,1.3248232E7,1.3237689E7,0,0,0,0,0,1.4686229E7,1.444313E7,1.3528789E7,1.2643017E7,
2091,492.3943350170246,9.244293,,,,,,,,,,,6282177.5,5986224.5,6917311.5,5158846.0,5990329.0,6276434.0,5639346.5,5906598.0,6820590.5,7007074.0,0,0,0,321288.16,127323.1,5305677.0,5399877.5,6426560.0,7113009.0,
2092,171.13969147197855,9.2370205,,,,,,,,,,,1.6309057E7,1.696771E7,1.5143761E7,1.7525958E7,1.70629E7,1.736758E7,1.602196E7,1.5203712E7,1.6557793E7,1.5342145E7,1.4549373E7,1.7872074E7,0,0,151779.77,1.7258356E7,1.7622738E7,1.6502144E7,1.5561804E7,
2093,485.29219601317163,9.237184,,,,,,,,,,,2670965.0,3180219.0,2812826.8,2967969.8,2841442.5,2977806.5,3039041.0,2405976.5,2765194.8,2811536.2,0,2825114.8,0,0,0,3213782.0,3077417.0,2914960.2,2742931.5,
2094,464.36304600836485,9.24415,,,,,,,,,,,6.26894E7,6.208467E7,5.76981E7,6.3774696E7,6.3239036E7,6.311233E7,6.340142E7,5.8301824E7,6.0968724E7,5.8667892E7,0,0,339047.5,284602.8,316182.56,6.813799E7,6.6615184E7,6.1137668E7,5.870968E7,
2095,675.2879201619406,9.258418,,,,,,,,,,,0,2458674.2,0,2869026.5,3463869.2,2813385.0,2143190.0,1563527.2,1753036.0,2463833.8,0,0,0,0,544817.44,641119.0,668347.6,635648.56,679106.7,
2096,268.266174989169,9.273265,,,,,,,,,,,1932715.8,3079694.5,1931799.5,3221085.8,2826897.5,2705760.0,3022075.0,2601403.0,2566729.5,3480790.2,0,0,0,0,1992268.4,2299127.5,1726057.2,2615265.2,1462664.5,
2097,609.2768990897877,9.278647,,,,,,,,,,,0,922516.0,0,2440032.8,1527565.5,1383571.6,821751.06,827334.44,1020543.9,1548101.2,0,0,0,0,514703.06,552621.8,533200.5,564959.75,546635.94,
2098,998.6307295548837,9.296871,,,,,,,,,,,0,4446720.0,0,1741020.6,1677529.8,3056756.8,748111.0,569979.6,1146753.8,3295708.0,0,0,0,0,1051390.0,1225656.5,1184707.8,1115566.9,1071447.0,
2099,270.28200876552506,9.302402,,,,,,,,,,,1646422.4,2741089.2,1820068.5,2761417.8,1858832.8,1869945.4,2814734.0,1596767.9,1565626.6,1607922.2,0,0,1644824.5,4164317.0,3045160.8,2971698.2,2798441.2,1926493.6,1848918.2,
2100,270.28179758497373,9.301883,,,,,,,,,,,1444226.0,2419399.2,1446577.4,2664325.5,1869624.0,2068403.4,2621711.8,1636522.1,1514380.1,1529270.0,1329013.9,895379.3,3836884.2,3701115.2,2683246.5,2982476.5,3214434.0,1826897.1,1628548.4,
2101,672.5330878372507,9.367336,,,,,,,,,,,3648135.0,3587347.2,3604530.2,3995221.2,3574972.0,3600997.5,4049119.8,3556085.2,3503721.5,3525406.5,0,0,4071084.8,5555638.5,5157233.0,4142591.5,4054691.8,3638660.0,3562847.0,
2102,663.4596049445886,9.353961,,,,,,,,,,,2222242.5,1801585.2,2308186.8,2055538.1,1716703.0,1716811.2,2085779.2,1826966.6,2106498.5,1791480.0,872958.44,830644.25,3748101.5,3189324.0,3473803.8,3290598.8,2294636.2,1891751.8,1828072.1,
2103,304.26430432992964,9.342235,,,,,,,,,,,7504529.0,8750987.0,8511111.0,1.7147766E7,9765146.0,1.1616212E7,1.2699226E7,1.3238921E7,5830486.5,9317312.0,0,0,0,0,7430262.0,9894787.0,1.1912283E7,7079918.0,6418894.0,
2104,240.2348588268432,9.343291,,,,,,,,,,,3025798.0,4518338.0,3520621.0,4022752.0,3917756.8,3759881.5,4644825.0,3278877.5,3103434.2,3605110.8,0,0,0,0,2542079.0,3410626.8,2896797.2,2748972.8,2533198.5,
2105,184.1716775446149,9.34382,,,,,,,,,,,2437704.0,3493686.8,2802917.2,3104725.2,2873504.8,3014736.0,3458556.2,2515958.5,2520451.2,2825526.2,0,0,0,0,1943737.2,2741398.5,2307427.0,2442244.8,2091877.1,
2106,198.1873925086844,9.3470745,,,,,,,,,,,3004839.0,4367366.5,3371072.0,3741363.0,3848687.5,3433771.0,4352143.5,3183255.5,3131891.2,3600392.8,0,0,276749.8,0,2655147.5,3462526.8,2784002.8,2919796.2,2511438.0,
2107,212.20321627407753,9.34382,,,,,,,,,,,3115714.5,4970640.5,4173740.5,4790798.0,4111364.0,4294658.0,5664811.0,3428186.5,3617882.8,3798876.2,0,0,0,0,2959106.8,3786658.0,3157046.2,3185980.5,2716784.8,
2108,226.21890517811696,9.34382,,,,,,,,,,,3790582.5,5663066.0,4458555.0,5375725.0,4560262.0,5067039.0,5514740.5,4121749.5,3750046.8,4574949.5,0,0,0,0,3385210.0,4137798.2,3763953.0,3586665.8,3189152.2,
2109,563.5566623508613,9.34382,,,,,,,,,,,3.0915672E7,4.7983772E7,3.2608786E7,6.6043292E7,4.606685E7,5.0321612E7,5.9224556E7,4.8413776E7,3.7482908E7,4.7885776E7,0,0,0,0,2.6696722E7,3.189322E7,3.1060682E7,2.581163E7,2.2790012E7,
2110,247.24472475709456,9.344346,,,,,,,,,,,1.3328735E7,2.1009632E7,1.670732E7,2.0189174E7,1.764703E7,1.8097982E7,2.1268432E7,1.5231759E7,1.4918723E7,1.667203E7,0,0,0,0,1.1872944E7,1.5923364E7,1.3788497E7,1.3262117E7,1.2399314E7,
2111,265.2554544264966,9.3475685,,,,,,,,,,,3.0222916E7,4.6863176E7,3.8406164E7,4.5359452E7,4.0012692E7,4.053343E7,4.882635E7,3.3820908E7,3.3995016E7,3.873141E7,0,0,246413.2,0,2.701072E7,3.5930716E7,3.0028198E7,3.1007144E7,2.6685754E7,
2112,282.28173120741553,9.34768,,,,,,,,,,,8.318086E8,1.2540086E9,1.0106877E9,1.246497E9,1.0651436E9,1.0847781E9,1.296972E9,9.334593E8,8.9204006E8,1.0336996E9,5198177.5,6692493.0,7272395.5,4514084.0,7.210736E8,9.558262E8,8.293636E8,8.5996595E8,7.35193E8,
2113,628.5064417669588,9.39339,,,,,,,,,,,5945912.0,5889125.5,6176179.0,6422454.5,5392011.5,5624555.0,5718623.5,5919310.5,5728921.0,5235693.0,0,0,7476475.5,8435367.0,8175546.5,6117515.0,6456724.5,5767593.0,5615311.5,
2114,658.4750374829605,9.365192,,,,,,,,,,,0,1.0878672E7,0,5442506.0,5477121.0,8852706.0,3094111.2,2814483.0,3363683.0,7190534.5,0,0,0,0,2942193.2,3214027.2,2882683.0,2944941.2,2800255.8,
2115,641.448294655403,9.366428,,,,,,,,,,,0,2.1636658E7,0,1.0412677E7,1.0031224E7,1.5958917E7,5994152.0,5305558.0,6603948.0,1.4531333E7,0,0,0,0,5555997.0,5944127.5,5876509.0,5837533.0,5546050.5,
2116,623.4380026900745,9.367042,,,,,,,,,,,0,3852825.8,0,1795367.6,1831912.9,2718194.8,1047525.75,905419.1,1197685.2,2512715.5,0,0,0,0,1125753.9,1143268.9,1027403.2,1023448.0,1053830.9,
2117,663.4294122313536,9.368902,,,,,,,,,,,0,3.2026878E7,0,1.5821155E7,1.5323711E7,2.4485094E7,7784735.0,7119710.0,8939746.0,2.1294304E7,0,0,0,0,7867789.0,7951254.5,8239684.0,8467363.0,8198097.5,
2118,679.4045336482013,9.369518,,,,,,,,,,,0,4123772.0,0,2191751.2,1994486.0,3125391.8,1034927.0,937278.9,1188727.4,2492412.8,0,0,0,0,1452212.8,1223691.2,1206696.8,1108652.1,1053156.1,
2119,716.5598363408712,9.371973,,,,,,,,,,,2124601.2,2156980.2,2031547.4,2411572.0,2114121.8,2002517.0,2382594.2,2165354.2,2090109.2,2140059.5,0,1688494.2,3172869.2,3364124.0,3194975.2,2292685.2,2384304.8,2078233.4,2109834.0,
2120,686.5075638803696,9.37092,,,,,,,,,,,0,4599457.0,0,1808993.1,2210056.5,3504499.0,1077539.8,1351074.1,1688754.2,3328946.0,120111.98,116483.61,170159.05,0,1113588.0,1324035.8,1433553.5,1676761.4,1887217.2,
2121,584.4792361954032,9.447304,,,,,,,,,,,8522419.0,8304327.0,8062514.5,8520233.0,8103200.0,7843999.5,8911213.0,7856573.5,7678464.5,8023341.0,0,0,1.0049219E7,1.1133919E7,1.1759145E7,9029533.0,9517484.0,8741184.0,8380741.0,
2122,130.1681620239219,9.401775,,,,,,,,,,,193072.55,169945.2,171312.31,156151.61,168962.84,175134.86,150041.98,158413.8,0,162639.53,144611.23,164730.52,262795.6,243538.95,189656.1,162172.31,155020.52,184336.81,177400.28,
2123,968.6049391038139,9.385723,,,,,,,,,,,0,2003469.4,0,4243172.0,3367426.5,3298740.8,1381025.4,1198377.4,2017275.8,3007007.8,0,0,0,0,983872.4,1027328.9,1101685.1,1017853.2,1085685.9,
2124,672.5325297944096,9.372174,,,,,,,,,,,3634115.8,3613125.8,3640214.5,4099616.2,3574972.0,3709633.8,4038467.8,3455176.5,3479122.5,3644670.0,3158371.0,3285473.5,5503317.0,5323969.5,5055508.5,4346302.5,4003434.8,3543922.5,3443979.0,
2125,415.0472827714358,9.429732,,,,,,,,,,,5153206.0,5048596.0,4774833.0,5432610.5,4970782.0,5149579.5,5140142.0,4914094.0,4550953.5,4769861.5,0,0,1.1895235E7,1.1725743E7,9178751.0,6122695.0,5998237.0,5274088.0,4566883.5,
2126,483.35041024480495,9.423967,,,,,,,,,,,0,577860.0,0,4228734.5,339320.88,709478.75,444897.8,442958.0,796753.25,1567162.5,0,0,0,0,346576.03,313940.22,373583.2,353205.94,307233.6,
2127,282.2820156806286,9.36249,,,,,,,,,,,8.705796E8,5.1784344E7,1.1354575E9,1.4738994E9,1.201699E9,1.1953009E9,1.3674866E9,1.0274705E9,9.229947E8,4.7052276E7,0,0,8345184.0,4699843.0,7.3350074E8,3.3389438E7,8.567189E8,8.6000006E8,8.7110214E8,
2128,628.5059915937279,9.413778,,,,,,,,,,,5734082.0,5597444.0,6271846.0,6016260.5,5847716.5,5791057.0,5808938.0,5699926.0,5690797.0,5536758.5,5095194.5,5519435.0,8036018.5,8355097.0,7998807.0,6123366.5,5991904.0,5632643.5,5448324.5,
2129,581.4269627582461,9.435215,,,,,,,,,,,0,857835.25,0,2942509.0,1901472.2,1697713.8,669768.9,1012631.5,1304675.1,1142813.0,0,0,0,0,712691.94,608769.1,656861.2,609887.1,639877.94,
2130,130.15296907039226,9.469219,,,,,,,,,,,0,173803.38,162864.7,0,153062.47,150083.84,121409.01,150720.61,148122.38,0,0,0,251795.48,204348.5,0,0,153195.28,140880.77,141895.08,
2131,783.4702085353055,9.431608,,,,,,,,,,,398108.06,1514818.4,0,4445308.0,3158472.5,3012663.8,1301056.1,1505790.9,1935459.4,1676250.0,0,0,0,0,1424611.9,1232867.5,1156408.1,1130998.8,1184040.9,
2132,376.32293626831535,9.4556465,,,,,,,,,,,5010570.0,4888771.5,3291104.5,5251235.5,5016514.5,5268256.0,7290464.0,6628569.0,4020406.0,3735106.0,0,0,0,2152116.8,1.2243061E7,0,1.1610822E7,9249647.0,3656524.0,
2133,584.4787898940793,9.455707,,,,,,,,,,,8311036.5,8233635.0,8038932.0,8679689.0,8040983.5,7955751.0,8620369.0,7937297.5,7718598.0,7803590.5,7625261.5,7888284.0,1.1730601E7,1.0781604E7,1.0918969E7,9004566.0,9050985.0,8292759.5,7910678.0,
2134,376.3227099637715,9.457767,,,,,,,,,,,4569225.0,4714201.5,2986806.2,4983536.0,5019950.5,5329710.5,7213266.5,6745134.0,3990935.5,3941688.2,696859.7,0,4198875.0,2182700.5,1.119208E7,1.0757206E7,1.0084218E7,8790520.0,7737322.0,
2135,354.3405245260425,9.458218,,,,,,,,,,,4549479.0,3924272.0,3026438.2,3944174.5,4179240.5,4193653.2,6104234.0,6141994.5,3433478.0,3156026.8,951401.4,0,4032906.0,2041530.4,9283645.0,8824504.0,8396905.0,7987996.0,6868744.5,
2136,468.42307488095656,9.475264,,,,,,,,,,,0,0,0,0,0,0,0,0,0,0,2428232.0,2369571.8,4520887.0,0,0,0,0,0,0,
2137,336.3295172309029,9.458696,,,,,,,,,,,3348978.8,3004635.5,2359808.8,2965757.8,3084916.2,3177843.2,4478905.5,4517781.0,2497200.8,2657529.5,736010.2,704434.8,2971568.2,1654914.5,6922683.0,6750575.5,6384224.5,6098832.5,5258891.0,
2138,399.39893807143244,9.458716,,,,,,,,,,,2031608.6,1395315.6,1256306.4,1264655.0,1399352.1,1571641.5,2031591.8,2403895.2,1348622.1,1478848.5,0,0,1081365.1,799960.56,2636282.0,2821653.8,2726661.8,3182924.2,3264992.8,
2139,468.42567044544603,9.487907,,,,,,,,,,,2371150.5,2291406.0,2287301.0,4248289.5,2310618.8,2298505.0,4459862.5,2380322.8,2356694.5,2210160.0,0,0,4520887.0,4998658.5,4432711.0,4425215.0,4457522.0,2284173.8,2190740.0,
2140,368.42938638607455,9.484369,,,,,,,,,,,3049732.8,3482276.2,2871800.5,3944294.0,3311849.2,4510606.5,3319123.0,3379808.0,3713313.5,2790735.0,0,0,0,8739538.0,6118187.5,0,3926422.5,3335636.8,2802247.8,
2141,540.4528338310008,9.477431,,,,,,,,,,,1.0242206E7,1.0338149E7,1.0653689E7,1.116942E7,1.0248592E7,1.1069141E7,1.0626914E7,1.0326413E7,1.0294875E7,9699354.0,0,0,1.2584043E7,1.3224197E7,1.2981194E7,1.122704E7,1.0827132E7,1.069444E7,9534463.0,
2142,270.2821028370967,9.479588,,,,,,,,,,,1.1615099E7,1.3496843E7,1.1755781E7,2.648324E7,1.3835177E7,9303170.0,1.57091E7,1.2212755E7,9786209.0,2.1856178E7,0,215490.06,432598.9,376226.7,8387123.0,8239571.0,1.4530727E7,1.1972565E7,7866877.0,
2143,540.4523815860125,9.480121,,,,,,,,,,,1.0312788E7,1.000192E7,1.0380714E7,1.0650538E7,1.0047106E7,1.0624266E7,1.0495363E7,1.0031779E7,1.0058946E7,9958021.0,1.0066245E7,9729135.0,1.4127119E7,1.3260757E7,1.2928103E7,1.0902442E7,1.0712691E7,1.0060448E7,9369403.0,
2144,368.4290312215349,9.488209,,,,,,,,,,,2982010.2,3465172.0,2929577.8,4004610.2,3203133.8,4211659.5,3344671.2,3309214.5,3698712.8,2869529.0,2740799.2,2639850.5,1.8024616E7,8696948.0,6229482.0,4021454.2,3916894.5,3200088.8,2671472.5,
2145,270.2822446251964,9.48462,,,,,,,,,,,1.2210005E7,1.3480503E7,1.2062263E7,2.6885832E7,1.525762E7,9269743.0,1.5264342E7,1.2104899E7,1.0114053E7,1.8966008E7,0,0,0,383504.66,8606530.0,8661540.0,1.4795704E7,1.2533127E7,8513769.0,
2146,308.2983111483213,9.4922495,,,,,,,,,,,4008448.2,4646429.5,4117303.8,7057906.0,4578395.5,2866023.8,5462191.5,3910638.0,3270448.5,5853119.5,0,0,0,138521.3,2807391.0,2288631.2,5057392.5,4289153.0,2058864.9,
2147,308.29823688584133,9.493691,,,,,,,,,,,3260725.0,4080527.0,3557928.0,6965276.5,4429717.5,2765954.8,5086702.5,3659183.0,3043937.0,6851021.5,0,0,262119.67,169973.4,2610718.8,2114128.8,4532259.0,3492742.2,2061097.2,
2148,496.42622945237514,9.504639,,,,,,,,,,,1.1856352E7,1.2017916E7,1.1412972E7,1.2163385E7,1.2646656E7,1.149292E7,1.1825512E7,1.178132E7,1.1588298E7,1.100637E7,0,0,1.3872538E7,1.479492E7,1.3334951E7,1.253935E7,1.2742573E7,1.2291464E7,1.0952778E7,
2149,609.2777828646665,9.504049,,,,,,,,,,,0,3347352.0,0,8517074.0,5785787.5,4651841.0,3095319.5,2755710.2,3463854.8,5399263.5,0,0,0,0,1558330.5,1772203.6,1982951.0,2073532.9,1807605.6,
2150,496.425794566373,9.504551,,,,,,,,,,,1.1177068E7,1.1755627E7,1.0583142E7,1.180886E7,1.1950705E7,1.1440418E7,1.1652011E7,1.1145933E7,1.1075386E7,1.113657E7,1.0184183E7,1.0838658E7,1.5061299E7,1.5001655E7,1.3213164E7,1.2217398E7,1.2402753E7,1.1511005E7,1.1134874E7,
2151,621.2778941701879,9.507801,,,,,,,,,,,0,3.0679142E7,0,3.1042034E7,2.5111358E7,1.478952E7,3292204.5,1.1064487E7,1.7433062E7,1.5667789E7,0,0,0,0,9217173.0,9520044.0,1.0213631E7,1.0645884E7,1.0831123E7,
2152,643.2602179688886,9.507801,,,,,,,,,,,0,9475503.0,0,1.0651681E7,7675908.0,4251998.0,1052203.1,2820731.8,4450973.0,4190586.5,0,0,0,0,3134672.2,3072005.0,3274745.8,2976054.2,2573982.2,
2153,130.15282536676256,9.534127,,,,,,,,,,,0,173803.38,145644.08,0,154406.27,153795.38,0,0,161833.89,0,143961.8,160634.7,0,210571.48,193734.6,171019.94,204194.97,154496.73,141895.08,
2154,468.4253315445189,9.515854,,,,,,,,,,,4329256.5,4256727.0,3899491.8,2282488.2,3988681.2,4317508.0,2376457.5,3904189.8,4138844.5,3970920.0,3869163.2,4146498.2,4627573.5,4709197.5,4341014.5,2600664.8,2309491.5,4239826.5,3969070.8,
2155,452.3997351487048,9.522833,,,,,,,,,,,1.0739035E7,1.0691366E7,9440611.0,1.0775547E7,1.0428973E7,1.0305806E7,1.0553253E7,1.0303585E7,9873585.0,9449354.0,0,0,1.5166622E7,1.3699936E7,1.3811813E7,1.1414976E7,1.1487936E7,1.0233501E7,9453626.0,
2156,452.3993665387643,9.521274,,,,,,,,,,,1.0118869E7,1.0716514E7,9083824.0,1.0437349E7,1.0139734E7,9901812.0,1.0743712E7,1.0233452E7,9887289.0,9604793.0,9160393.0,9434747.0,1.5111296E7,1.3639212E7,1.3385302E7,1.1214408E7,1.1119935E7,1.0151453E7,9758192.0,
2157,414.4350907219464,9.521213,,,,,,,,,,,598123.25,785095.9,539455.94,774535.0,741601.3,711508.2,769203.56,595540.8,569092.94,643638.56,553859.94,531241.7,6078662.0,1781754.0,1231537.6,846972.5,745523.94,724447.8,553000.7,
2158,551.4309639108113,9.523466,,,,,,,,,,,0,3497351.0,0,3077254.8,3219984.2,3064363.0,2347757.0,2004951.6,2210070.0,3556477.2,0,0,0,0,978687.0,999626.1,1068844.5,1059058.9,1042680.25,
2159,408.3730669510664,9.530394,,,,,,,,,,,6600227.5,6617430.0,5924934.0,6613515.0,6069023.5,6426541.0,7153151.5,6519505.0,6860816.5,5949487.5,0,0,0,1.0029059E7,9226540.0,7310949.0,7124655.5,6810161.0,6084532.0,
2160,415.04736347331465,9.510455,,,,,,,,,,,5153206.0,4832228.0,5136400.0,5523660.5,5108770.5,4821414.0,5470507.0,4914094.0,4714139.0,5016205.0,0,0,1.1280174E7,1.1733298E7,9009223.0,6122695.0,5998237.0,5274088.0,4566883.5,
2161,468.4258266209149,9.543153,,,,,,,,,,,4556170.5,4469416.5,4089616.2,4248289.5,4172524.8,4432642.0,4459862.5,3917456.5,4296899.0,3921424.8,0,0,0,8668394.0,8233136.5,4425215.0,4457522.0,4429923.0,4086878.0,
2162,408.37266275879415,9.533735,,,,,,,,,,,6537102.0,6435441.5,5800837.0,6490667.5,6034058.0,6283900.0,6984145.5,6226718.5,6384667.0,6097715.5,5937131.0,5864510.0,1.0309097E7,9756686.0,9311371.0,7278449.0,6905825.0,6486960.5,5990549.5,
2163,364.3462754398409,9.540619,,,,,,,,,,,3027562.0,3002995.2,2568066.5,3212585.0,2757599.8,2914250.2,3291636.0,2676710.5,2772830.0,2541553.0,0,0,0,4447159.5,4498149.0,3406150.2,3230356.5,2848319.2,2851960.2,
2164,364.34593310715616,9.542337,,,,,,,,,,,2847544.2,2977518.8,2468453.0,3097944.8,2610370.0,2922120.5,3098294.2,2733842.8,2777258.0,2514289.0,2601897.8,2512014.5,4774666.0,4452470.5,4326540.0,3206390.2,3043050.8,2856303.5,2712230.2,
2165,1256.7824374053098,9.548637,,,,,,,,,,,0,2807550.8,0,927749.25,917708.6,1401846.9,0,0,535218.06,2346019.2,0,0,0,0,782185.2,778621.0,729536.7,673023.3,661280.2,
2166,468.42574244701177,9.546334,,,,,,,,,,,4556170.5,4469416.5,4089616.2,4140971.2,4172524.8,4432642.0,4270389.0,3917456.5,4296899.0,3970920.0,0,0,8092953.0,8622460.0,7835841.0,4256560.0,4309430.0,4429923.0,4086878.0,
2167,628.5068081422909,9.562159,,,,,,,,,,,2115006.0,2526896.5,2103681.5,2359340.0,2291498.5,2739262.5,2473787.5,2242886.0,2380043.5,2291349.0,0,0,0,4430525.0,3425119.8,2495093.8,2522895.8,2369451.0,2072548.0,
2168,628.5064864842761,9.57159,,,,,,,,,,,2115006.0,2413972.0,2101052.0,2403553.2,2272720.2,2707649.0,2448658.2,2146121.5,2116208.5,2350641.2,0,2128246.8,4320391.5,4250913.0,3471145.5,2603798.5,2492399.8,2363412.2,2044512.0,
2169,546.4936607841843,9.575906,,,,,,,,,,,747162.0,703918.7,769379.5,827105.7,747781.3,745070.75,815114.8,732045.2,649151.4,785924.8,761870.6,717066.7,3333166.0,1449943.6,946723.6,942741.06,843917.25,705288.7,666312.2,
2170,130.16824797566014,9.620303,,,,,,,,,,,196831.9,207751.25,0,195761.44,199206.36,212337.16,0,174259.67,192601.83,173210.03,170677.08,0,273064.1,253056.66,208951.73,184391.44,188200.67,200962.11,176684.92,
2171,584.4792553921719,9.5993805,,,,,,,,,,,3126301.2,3439360.0,3256146.2,3458195.0,3419621.8,3844317.2,3434840.5,3155312.5,3073404.8,3085583.0,0,3118301.8,5896841.0,5154603.0,4740395.0,3443955.2,3586593.0,3250992.8,3070856.8,
2172,939.5590573839228,9.621865,,,,,,,,,,,0,3001089.8,0,1092827.4,1288018.5,2909788.0,534260.2,421407.62,908188.06,1674972.1,0,0,0,0,579514.2,539448.9,580866.25,480897.56,416558.12,
2173,355.0739866738715,9.657069,,,,,,,,,,,6452150.0,9785155.0,5158487.5,7339638.5,6927243.5,8032984.5,7020708.0,164534.56,6691232.0,4500451.0,0,0,846733.1,2.350835E7,1.5240635E7,1.5301339E7,1.0550794E7,7996742.0,4974458.0,
2174,371.10543329314135,9.658022,,,,,,,,,,,9586237.0,1.4806967E7,7666153.0,1.1334004E7,1.0558944E7,1.2177632E7,1.0683542E7,1.0890107E7,9738502.0,6700718.0,0,0,3.50408E7,3.493485E7,2.2664142E7,2.2159342E7,178416.38,1.2508404E7,7594233.5,
2175,540.4527935051744,9.62573,,,,,,,,,,,4147485.5,4348220.0,4054348.0,4353888.0,4432402.0,5038315.5,4251109.0,4281961.5,4025656.2,4028705.2,3952479.8,0,7027548.5,6753813.5,6151076.0,4597242.5,4486455.0,4513863.5,4140824.8,
2176,270.28229317978673,9.648964,,,,,,,,,,,1964709.2,3198116.8,1957938.8,4489705.0,3527010.8,4090538.2,3598736.0,3373363.2,3704589.8,4068453.8,0,0,268242.06,207078.06,2324401.5,2567725.8,2258473.8,2699137.2,3143338.0,
2177,496.42663842070255,9.646426,,,,,,,,,,,4832589.5,5185813.5,4423711.5,5274353.0,4882441.0,5007654.0,5153004.5,4567900.0,4528261.0,4492510.0,0,0,0,8080529.0,7211909.5,0,5325280.0,4714171.5,4377282.0,
2178,228.19843467384538,9.6488905,,,,,,,,,,,2002464.2,2005898.6,1709949.1,2054545.6,2126278.0,1958858.2,1952003.6,1756386.0,2020808.4,2198699.5,1921148.0,0,3603862.2,2170769.8,2034640.2,2090757.4,2190290.0,2152931.8,2031830.9,
2179,496.426473460269,9.649468,,,,,,,,,,,4832589.5,5258519.0,4423711.5,4917445.0,4854177.0,5001628.5,5175392.5,4567900.0,4545749.5,4660342.5,0,0,8834625.0,7631933.5,7012156.0,5200808.5,5168865.0,4714171.5,4399437.0,
2180,554.1822737022466,9.658872,,,,,,,,,,,8212580.5,1.2094441E7,6382454.0,9289039.0,9018205.0,9678738.0,8887790.0,8924096.0,7691202.5,5272392.5,0,0,0,2.984398E7,1.7879826E7,0,1.3216614E7,1.0003903E7,5927662.5,
2181,554.1818927693029,9.658472,,,,,,,,,,,7710654.0,1.0830491E7,6055671.0,8409750.0,8557640.0,8678202.0,8250821.5,8200480.0,7460881.5,5584728.0,0,6152812.5,250065.89,2.7709804E7,1.7219172E7,1.6806288E7,1.2575993E7,8907834.0,5604842.5,
2182,1084.705685875575,9.65887,,,,,,,,,,,0,3033792.5,0,856028.5,1499155.8,1684769.9,318142.88,260212.58,555890.25,2287368.2,0,0,0,0,716027.25,786800.6,745657.4,742171.8,687864.2,
2183,322.0812177761907,9.661697,,,,,,,,,,,1320730.9,1768831.9,1026136.1,1457954.5,1440728.4,1570334.6,1422081.1,1360344.9,1285245.0,961043.4,998840.06,1067902.8,4792847.0,4562450.5,2986975.5,3003732.2,2161619.2,1557695.2,926926.4,
2184,223.0661488544289,9.662126,,,,,,,,,,,2733743.5,3762509.5,2210351.0,2899788.2,2886503.5,3163327.2,2843421.0,2843835.2,2603889.8,1926651.9,2340177.2,2126685.0,9317489.0,9063488.0,5971259.0,6212203.0,4439105.0,3103423.8,2025024.8,
2185,355.0737090412401,9.662126,,,,,,,,,,,6072781.5,8596927.0,5038608.0,6760578.5,6752085.0,7180863.0,6609204.0,6401954.5,6176727.0,4643610.0,4987596.5,4964850.0,2.2518984E7,2.0769118E7,1.4123844E7,1.4179579E7,1.0217414E7,7084831.5,4621503.5,
2186,371.1051654395995,9.662126,,,,,,,,,,,9175080.0,1.3122222E7,7460195.0,1.0428597E7,1.0385022E7,1.0864847E7,9996434.0,9985809.0,9068675.0,6871659.0,7774902.0,7407677.0,3.3386274E7,3.1578672E7,2.1427974E7,2.1101478E7,1.5301124E7,1.1017087E7,6939247.0,
2187,582.2133264278133,9.662126,,,,,,,,,,,2299703.5,2444340.2,1996419.9,1753997.4,2207257.8,2114112.5,1945533.5,2522870.5,2378195.2,1819150.4,2352581.0,2301996.5,2440863.8,4123913.2,2852134.5,3717407.0,3039096.0,2637110.8,1845264.8,
2188,248.06165320303998,9.662554,,,,,,,,,,,2429484.0,3275918.8,1845366.0,2567641.5,2555226.5,2734418.8,2546383.5,2502831.0,2333330.8,1701078.6,1925469.2,1881953.9,8547823.0,8148336.5,5293282.0,5223046.5,3899869.5,2754242.8,1750481.0,
2189,559.1372511603668,9.662978,,,,,,,,,,,1632000.9,1975923.6,1373126.8,1618058.1,1569897.0,1792586.0,1705085.6,1801939.5,1631218.1,1189235.9,1353367.2,1639913.5,4152050.0,4521874.5,3245277.8,3784158.0,2773160.2,2016369.6,1267931.6,
2190,575.1110086242694,9.662554,,,,,,,,,,,2227299.5,2670037.8,1897948.8,2203399.2,2256430.5,2367866.0,2299683.5,2487702.5,2206580.0,1625069.6,2032840.9,2006546.2,7901621.0,8823827.0,4865477.5,5476534.5,3910534.2,2662527.5,1734791.0,
2191,452.4002515402189,9.661741,,,,,,,,,,,4428447.5,5064260.5,4392573.0,4797815.5,4269084.5,5214113.5,4544220.0,4227796.5,4347774.5,4154319.8,0,0,0,7972170.0,6836568.5,0,4938787.0,4693508.0,0,
2192,1089.6597781686346,9.665763,,,,,,,,,,,0,4252641.0,0,1181657.1,2037900.6,2439214.5,316271.7,262241.75,704775.6,2734997.2,0,0,0,0,879489.9,892960.5,828372.7,889067.3,785738.56,
2193,452.39984611184144,9.666012,,,,,,,,,,,4428447.5,4782418.0,4242045.0,4551201.5,4269084.5,5188994.0,4544220.0,4227796.5,4339442.5,4152371.0,4253813.0,0,8678681.0,7747309.5,6708509.5,5182701.5,4904714.0,4477617.0,4172668.2,
2194,408.3732653409123,9.676202,,,,,,,,,,,3346615.5,3711674.8,3102916.2,3721106.2,3561679.5,3994127.2,3374336.2,3479170.8,3233907.5,3103658.5,0,0,0,6133394.0,5173183.5,0,3632112.0,3289070.8,2841329.2,
2195,593.2824116021237,9.673925,,,,,,,,,,,0,1.6850676E7,0,2.5320854E7,2.1086122E7,1.4200214E7,8974583.0,7336279.5,9071171.0,1.2319404E7,0,0,0,0,5989214.5,6525718.0,6714644.5,6121756.0,6644134.5,
2196,408.37282528996803,9.67708,,,,,,,,,,,3172184.5,3444518.0,3056996.2,3510871.2,3456993.8,3766059.8,3471181.5,3248040.8,3176669.8,3194857.0,3126549.8,3132966.2,6681904.0,5949182.0,5166641.5,3811417.2,3542379.0,3223109.0,3154778.0,
2197,554.1808084512126,9.677468,,,,,,,,,,,0,0,6382454.0,0,0,0,148591.53,0,150396.62,0,6519606.5,6444549.5,2.7714392E7,2.984398E7,1.7879826E7,1.7648548E7,1.3216614E7,0,5927662.5,
2198,364.34600695697,9.685677,,,,,,,,,,,1885402.0,1960467.5,1597984.2,2103639.0,2097455.5,2153839.5,2089923.1,1845028.6,1820681.2,1874944.2,1732888.1,1759041.9,4165773.5,3635751.0,3264045.2,2243269.5,2169321.8,1813363.5,1692260.1,
2199,1031.6192493792307,9.706664,,,,,,,,,,,0,2905984.5,0,671333.9,728402.5,1504076.4,283307.25,236814.5,410198.75,1228930.8,0,0,0,0,535838.9,483005.2,468594.9,572765.0,480524.62,
2200,130.1529588253532,9.716687,,,,,,,,,,,187548.06,199167.05,188874.19,168021.67,170009.86,147787.81,205149.34,195863.2,203298.12,177731.12,196822.58,178682.34,334773.88,287395.5,254676.81,204325.73,211314.14,0,0,
2201,409.35151501054213,9.724959,,,,,,,,,,,0,954476.2,0,1780934.1,2592604.0,1597754.4,2373876.2,2076678.1,1342179.2,1496391.2,0,0,0,0,654382.3,696463.25,713111.56,681551.5,646804.1,
2202,124.08853728658126,9.755378,,,,,,,,,,,2829020.5,2030789.8,1679041.8,1918683.9,0,2349464.8,0,2476054.2,1842136.8,1762226.2,0,1538262.1,0,2894952.0,2624626.5,2621094.0,2802502.8,1838425.0,1660202.4,
2203,615.5862530880307,9.80115,,,,,,,,,,,2707175.0,2365397.0,2246930.8,2060031.5,2115183.8,2283084.2,3076135.2,2468594.5,2416984.8,0,2324181.0,2286065.0,299317.3,308676.47,305845.12,293050.53,312028.1,2533448.5,2279438.8,
2204,415.047450461602,9.68918,,,,,,,,,,,4825367.5,4714059.5,4439640.0,5141528.5,4507588.5,5066444.5,5147838.0,4886406.0,4551197.5,4837647.0,0,0,1.0839859E7,1.0356686E7,7714353.5,5739294.5,5599818.0,4623609.0,4395633.5,
2205,296.2984007079093,9.760982,,,,,,,,,,,2867544.5,2867933.2,1978403.2,2904270.8,2580862.8,2583663.2,2812967.0,3030141.8,2662955.0,2145337.2,0,0,0,0,1742664.4,2139430.5,2272072.0,1344344.2,1611285.9,
2206,228.19858706037897,9.767127,,,,,,,,,,,3954239.8,3679640.2,3280081.8,3322089.2,3835913.8,2914438.5,3006546.8,2972447.8,3040762.8,3352047.0,0,0,6063810.5,5816792.0,4374961.0,4205517.5,3272460.8,3674910.8,2800358.5,
2207,130.16813339235645,9.763276,,,,,,,,,,,197893.44,205328.11,227775.02,242819.94,195199.98,234447.7,216679.81,227488.45,186523.55,229858.55,220081.78,215111.28,326447.78,347087.16,265076.25,221679.16,244585.58,188079.36,252552.31,
2208,228.19840797635166,9.771409,,,,,,,,,,,3483399.0,3509211.2,2819392.5,3191961.5,3660971.0,2060668.4,2994467.2,2913120.0,2962831.0,3311379.5,2805557.2,2954941.2,5378413.5,4382378.5,4195984.5,3989515.0,3342519.0,3082656.2,2725692.0,
2209,172.11753958020358,9.79067,,,,,,,,,,,5076484.5,5485014.5,5610043.0,5412242.0,5273555.5,4225193.0,5361802.0,5404057.5,6792281.0,5572081.0,0,0,9102474.0,8165521.0,7674696.5,5059781.5,5792160.5,5192679.0,5826692.0,
2210,172.1173801533644,9.788649,,,,,,,,,,,5291900.5,4938769.5,4800568.5,5316418.0,5013368.0,4262100.5,5083893.0,4988542.0,5910761.0,5978060.0,5419071.5,4711506.0,9517746.0,7857358.0,7587697.5,4570249.5,5593628.5,4839106.5,5363460.0,
2211,130.15304637998278,9.788138,,,,,,,,,,,209343.62,199167.05,190796.95,168021.67,167466.45,0,226779.62,206451.9,203298.12,177731.12,199190.31,0,417210.3,313497.53,267080.22,227836.78,250846.4,188338.81,0,
2212,130.16057367294104,9.864886,,,,,,,,,,,2.858157E7,2.8254554E7,2.8077888E7,3.183172E7,0,2.728355E7,2.9044022E7,2.894112E7,2.7519004E7,2.6427118E7,2.9139888E7,2.9387576E7,5.249523E7,4.951832E7,3.600431E7,3.0901852E7,3.2641992E7,3.1216166E7,2.6719742E7,
2213,615.5870533969769,9.870913,,,,,,,,,,,2908671.2,2394624.2,2737443.5,3322579.5,2115183.8,2283084.2,3174259.2,2908723.5,2780555.0,2193582.8,0,0,0,393900.3,348963.66,328679.3,355351.94,2835790.5,2623914.0,
2214,139.98948955796973,9.883542,,,,,,,,,,,1.197192E7,1.1858765E7,1.1869393E7,1.1412459E7,1.0916406E7,1.3809775E7,1.0853458E7,1.0756924E7,1.0174738E7,1.2135794E7,1.1349696E7,1.2395881E7,1.1850869E7,1.0643761E7,1.2125283E7,1.0755408E7,1.1908651E7,1.0366266E7,9372746.0,
2215,184.98780622579292,9.885368,,,,,,,,,,,8406499.0,8997909.0,8860883.0,8788561.0,8000475.5,9809402.0,8394216.0,8067377.5,7819980.0,8388186.0,0,0,9166735.0,8049466.5,9796895.0,8139106.0,8971064.0,7904983.0,0,
2216,275.2037668798002,9.850244,,,,,,,,,,,0,9523834.0,0,2589397.8,3212403.8,4774671.0,412489.7,450899.62,1674126.9,4974658.5,0,0,0,0,1765617.2,1532772.6,1975776.5,1532774.5,1590220.2,
2217,613.4168673937183,9.850244,,,,,,,,,,,0,1.0707186E8,0,2.8123656E7,3.450498E7,5.064909E7,4610441.0,4508035.5,1.6780222E7,5.5637468E7,0,0,0,0,1.9147786E7,1.6675389E7,2.0699728E7,1.6602096E7,1.7601936E7,
2218,1049.668316250767,9.850244,,,,,,,,,,,0,2.555649E7,0,7183787.0,8073495.0,1.2745283E7,959308.56,903671.1,4193554.5,1.3753824E7,0,0,0,0,4438877.5,4262023.0,4545792.5,3995591.0,4231222.0,
2219,1066.6940929685143,9.850244,,,,,,,,,,,0,3.7855203E8,0,1.08110504E8,1.21555944E8,1.8724373E8,1.3942103E7,1.3540839E7,5.9846364E7,2.1125446E8,0,0,0,0,6.3659356E7,6.16046E7,6.6558364E7,5.9826464E7,6.1229292E7,
2220,1071.6486590259717,9.850244,,,,,,,,,,,0,4.9540512E8,0,1.82604E8,2.0857171E8,3.111696E8,1.779712E7,1.708686E7,1.0051827E8,3.1803645E8,0,0,0,0,1.1258099E8,1.0267834E8,1.23460504E8,1.03148024E8,1.0069456E8,
2221,1087.6244456698919,9.850244,,,,,,,,,,,0,7.248907E7,0,2.7549476E7,3.224744E7,4.6171904E7,2755656.2,2500495.5,1.4327885E7,4.4187104E7,0,0,0,0,2.116359E7,1.6383745E7,1.9169294E7,1.5445904E7,1.4744471E7,
2222,1094.7263077590794,9.850244,,,,,,,,,,,0,1.11156536E8,0,3.3413382E7,4.49688E7,7.175211E7,2680987.8,2999439.8,2.070673E7,8.389838E7,0,0,0,0,1.5535571E7,1.5313957E7,2.0219008E7,2.0210008E7,2.2850198E7,
2223,338.34554784828686,9.870368,,,,,,,,,,,4326573.0,4812066.5,3655687.5,4460603.5,4399365.0,5488746.0,3836330.8,3945617.8,3720426.8,3994661.2,0,0,5215818.0,5219421.5,4962846.0,4557609.0,4194244.5,4579641.0,4112116.5,
2224,437.25869037956306,9.850865,,,,,,,,,,,0,6681896.0,0,1649614.0,2190004.5,3165403.2,317049.44,269297.3,1198165.0,3306650.0,0,0,0,0,1089838.5,1069047.0,1107445.9,1165123.9,1165192.0,
2225,595.4059451832459,9.850244,,,,,,,,,,,0,1.2576502E7,0,3259984.2,4034755.0,5426276.0,631741.9,596217.5,1908894.2,6206532.0,0,0,0,0,2305969.2,1877811.5,2620240.8,1914708.2,2118239.8,
2226,349.2412993749586,9.852712,,,,,,,,,,,0,3932477.0,0,957625.44,1247241.9,1856662.0,216326.78,187361.77,625683.5,401669.66,0,0,0,0,711125.94,538054.75,741415.4,600848.4,602936.94,
2227,708.5191084251256,9.910434,,,,,,,,,,,2848619.5,2688473.2,2746675.0,2535105.2,2581279.8,2649985.8,2493066.2,2806990.2,2733967.5,2757032.0,2790263.2,2762438.2,5893926.5,6793143.0,4102130.8,3679949.5,2665139.0,2723470.0,2627510.5,
2228,124.08857289348585,9.881747,,,,,,,,,,,2267655.8,2723728.2,2222010.2,3033966.0,2710196.2,2331950.2,3181213.2,0,2337656.0,2098278.5,0,0,2172305.5,2163243.5,0,2912562.2,3061251.8,3032472.2,0,
2229,393.21061917539276,9.904659,,,,,,,,,,,2885552.5,2687502.2,2694061.2,3015616.5,2682886.5,2872301.0,2851240.5,2652265.2,2939988.2,2567086.8,0,0,3199382.8,176469.55,2794611.5,2496075.5,2828004.2,2881856.8,2666150.8,
2230,665.4442997701892,9.881882,,,,,,,,,,,0,4599205.0,0,1875236.9,1937893.2,3510135.5,1160665.9,1029577.44,1386392.6,3268028.8,0,0,0,0,906132.7,1056479.9,1107379.6,1105804.8,910002.75,
2231,528.4457690416674,9.884387,,,,,,,,,,,169102.42,1769158.6,0,2618220.8,4529203.5,3390990.0,4023634.5,3593028.5,3167133.2,3346728.0,0,0,0,0,904185.9,1105905.0,1038014.75,1371022.1,1392664.6,
2232,505.37102360335604,9.883753,,,,,,,,,,,0,1282385.1,0,2266932.2,3330507.2,2183768.8,3171499.2,2499193.2,2211694.2,2077753.8,0,0,0,0,880921.25,765490.8,877014.56,868196.2,776821.8,
2233,406.3339992240749,9.894538,,,,,,,,,,,2407311.5,2577114.8,2109619.0,2634318.2,2497927.8,2597317.2,2315036.8,2378996.5,2371957.2,2207991.5,0,0,3472060.0,3434781.2,3223530.5,3168484.0,2740639.2,2949084.0,2346376.8,
2234,338.3453091281767,9.881004,,,,,,,,,,,4157264.8,5909555.5,3730270.8,5459554.0,4338901.5,5363614.5,4106853.5,3652977.0,3723946.2,4068621.2,3862625.8,3964342.5,6084808.0,5249877.5,4855899.0,4354384.5,4524792.5,4097388.8,3840160.5,
2235,130.15293041992427,9.88577,,,,,,,,,,,209343.62,0,219669.84,208932.02,179680.56,224293.64,226779.62,206451.9,200955.61,206747.2,178315.38,184172.62,362585.62,313080.94,267713.6,218220.81,210067.08,194525.64,171579.73,
2236,130.16810629498815,9.890626,,,,,,,,,,,211518.11,241243.28,223892.69,229764.06,238042.23,205391.28,221724.94,230883.03,240551.86,206041.38,256116.11,202083.61,413344.12,0,0,238215.77,228413.55,242457.88,192158.3,
2237,393.21032149317926,9.91083,,,,,,,,,,,2746692.8,2714458.2,2600882.5,2652356.5,2794685.8,2639237.5,2739557.2,2473727.2,2787494.8,2637686.2,2407996.5,2359776.0,3093398.0,2973174.5,2767241.2,2441680.0,2790050.0,2792345.8,2524052.2,
2238,144.9838318990449,9.923295,,,,,,,,,,,1.963346E7,2.0659288E7,2.0297952E7,2.147138E7,1.9347318E7,2.1271366E7,2.096755E7,1.9728666E7,1.8872052E7,1.9126724E7,2.1817814E7,2.0385546E7,2.8809816E7,2.3897098E7,2.489008E7,2.4489922E7,2.4035504E7,1.8409468E7,1.8060938E7,
2239,146.98201305191537,9.93655,,,,,,,,,,,9072051.0,9981935.0,9345434.0,1.028653E7,9088642.0,9916495.0,9486085.0,9364897.0,8727888.0,9110123.0,1.0006286E7,9286826.0,1.3142697E7,1.1048649E7,1.1376044E7,1.1325506E7,1.108059E7,8714605.0,8403691.0,
2240,708.5191175073954,9.919412,,,,,,,,,,,2848619.5,2621516.0,2771128.2,2440943.0,2571684.8,2682859.5,2495715.5,2734071.8,2696987.2,2757032.0,2799953.2,2808440.5,6321282.5,6793143.0,4029885.2,3630888.5,2664457.0,2714424.5,2710784.2,
2241,406.3337940084987,9.921578,,,,,,,,,,,1719665.5,2484459.2,1579169.4,1879830.0,2536719.5,2541901.8,2448584.5,2247143.2,1631032.9,2342836.2,1634094.6,1678782.6,3292368.5,3368460.5,3004370.2,2927386.8,1829759.1,2631578.0,1671661.5,
2242,1117.6931508791422,9.973791,,,,,,,,,,,0,4623433.5,0,1530030.1,4597744.0,1224385.2,1069702.1,803407.06,1354171.4,1278553.8,0,0,0,0,935455.6,2266886.2,1073874.9,2000727.1,2075830.4,
2243,130.16060718766755,9.938175,,,,,,,,,,,3.094734E7,0,2.8588018E7,3.183172E7,2.9505558E7,3.0711906E7,3.2202118E7,2.7733756E7,2.9798642E7,2.8350808E7,2.9139888E7,2.9387576E7,5.428575E7,4.951832E7,4.006197E7,3.2010836E7,3.2641992E7,3.1216166E7,2.7543938E7,
2244,1087.6436100386743,9.953232,,,,,,,,,,,0,7473154.5,0,2298431.2,3200707.5,4004660.8,859524.56,798602.44,2099162.8,4807450.5,0,0,0,0,1516088.5,1719218.9,1856336.9,1556573.5,1735886.0,
2245,1073.6651402637037,9.953849,,,,,,,,,,,0,2.4346488E7,0,1.0280557E7,1.3495152E7,1.6303769E7,3750808.2,4068105.0,9078717.0,1.9563386E7,0,0,0,0,5320357.0,6016826.0,6315406.5,5861379.5,5890784.0,
2246,1089.6491721684015,9.954469,,,,,,,,,,,0,8307932.0,0,3090207.8,4305365.0,5121402.5,1160167.6,1249518.2,2804529.5,6141073.0,0,0,0,0,1939365.4,2091575.6,2222414.8,1867347.9,1934229.1,
2247,1082.6909741776751,9.955088,,,,,,,,,,,0,5893860.0,0,2179865.0,2455188.0,3159388.0,735960.5,637555.3,1588009.8,3976349.8,0,0,0,0,1358967.1,1406834.1,1586289.8,1336794.6,1206643.1,
2248,613.4173426803908,9.95633,,,,,,,,,,,0,1.1206033E7,0,5285725.5,7016642.5,7763981.0,1952253.9,1993861.9,4417661.0,9528560.0,0,0,0,0,3399909.2,3221268.2,3671326.8,3064200.0,3041849.8,
2249,784.5869897932074,9.95533,,,,,,,,,,,2088215.6,2687459.2,2209382.8,2240094.2,2425272.5,2544199.2,2528369.2,1892485.9,2175892.0,2208724.2,1995553.2,1971906.2,4285960.5,4066149.2,3547226.8,2236177.0,2135187.8,2358959.5,2107267.0,
2250,1068.7107653677685,9.956954,,,,,,,,,,,0,9797154.0,0,4225726.5,5144693.0,6667044.5,1570577.2,1576400.4,3711560.2,7525930.0,0,0,0,0,2434638.0,2454382.8,2616597.0,2402168.8,2320584.8,
2251,1073.6665439042765,9.953848,,,,,,,,,,,0,2.6220792E7,0,1.0721187E7,1.3745401E7,1.798149E7,3705620.0,4328993.0,9889893.0,1.9462496E7,0,0,0,0,5268775.0,6086874.0,6945793.0,6080979.5,6264605.5,
2252,615.5870383891789,9.970971,,,,,,,,,,,5060621.5,4164712.8,5410143.5,5657338.0,3382369.8,3474212.0,5703259.0,5121719.5,5481902.5,5190156.5,0,0,773394.6,620649.25,698509.44,523636.88,606446.56,4329972.0,5284310.5,
2253,758.5775013034676,9.960561,,,,,,,,,,,960215.25,2614414.0,2782282.5,557460.44,1955059.9,3548198.8,3191964.5,244229.25,1910250.9,532894.8,0,0,0,0,0,235135.6,428446.75,3259086.0,1104447.5,
2254,226.95290455941287,9.978529,,,,,,,,,,,0,0,0,0,0,0,0,0,0,0,5758557.0,5724150.5,6364640.0,0,0,0,0,0,0,
2255,615.5835063476205,9.978529,,,,,,,,,,,0,0,0,0,0,0,0,0,0,0,5499184.0,5290897.5,773394.6,0,0,0,0,0,0,
2256,238.90988436689676,9.964691,,,,,,,,,,,2183312.0,2097652.2,1909973.6,2418216.5,2105066.0,2159171.2,2277321.0,2300169.5,2239265.2,2023291.6,2217930.2,2224877.0,2907811.0,3325818.8,3237763.5,2324026.5,2274908.8,2163855.2,2235939.2,
2257,306.89834720365343,9.963831,,,,,,,,,,,4741535.0,4422886.0,4091690.5,4938802.0,4783325.5,4421380.5,4951902.5,4985614.0,4948053.0,4765409.5,0,0,5349980.0,6741800.0,6563218.5,4972537.0,4761222.5,4421762.0,4571412.5,
2258,158.96600423134683,9.966351,,,,,,,,,,,1941358.1,1917218.9,1808577.4,2273067.8,1822199.1,1915819.2,2097170.8,2016813.4,1899953.0,1748067.1,0,2188488.0,2788048.5,2854905.5,2525673.8,2170685.2,2178924.2,1800518.5,2049449.0,
2259,226.01352704909422,9.983964,,,,,,,,,,,0,0,0,0,0,0,0,0,0,0,4470787.0,4357693.5,4898913.5,0,0,0,0,0,0,
2260,226.95419957090124,9.966685,,,,,,,,,,,6157666.5,5678321.5,5253011.0,6403670.0,5905852.5,5381991.0,6212450.5,5375333.5,5923459.5,5874968.5,0,0,6364640.0,6714022.5,6351678.0,6835840.5,7026191.0,5643580.5,6595094.0,
2261,740.5611496817047,9.977793,,,,,,,,,,,3036852.2,3463200.8,3075867.5,3498236.2,3141439.5,3182794.8,3346623.5,2810465.0,3265926.5,3046169.8,0,0,0,6120433.0,5603205.0,3216377.5,3315195.2,3087705.8,3104398.5,
2262,139.9895160620288,9.983553,,,,,,,,,,,1.2662467E7,1.2461117E7,1.1869393E7,1.1412459E7,1.0916406E7,1.1320582E7,1.2953479E7,1.0453253E7,1.2079892E7,1.1307834E7,1.2135353E7,1.2395881E7,1.3189073E7,1.0598512E7,1.2125283E7,1.1467959E7,1.3301748E7,0,1.1936058E7,
2263,181.01648497112015,9.969444,,,,,,,,,,,6194135.5,6506962.5,6585515.0,6262718.0,0,5829644.5,6543365.0,5688710.5,5954392.0,5553350.0,6519569.5,6327289.0,7394149.0,6036250.5,6197324.5,6282594.5,6932711.0,0,6432855.5,
2264,226.0147838058678,9.9971695,,,,,,,,,,,4520785.5,4519471.5,4422729.0,4538345.0,4080240.8,4302205.5,4794674.0,4259795.5,4199642.5,0,0,0,4898913.5,4413485.0,4643126.5,4414065.0,4903073.5,3932295.0,4699681.0,
2265,740.5603535701816,9.979627,,,,,,,,,,,2998774.5,3397580.8,2944052.8,3513484.2,3158731.0,3164214.5,3439703.0,2849435.2,3024407.2,3227972.0,2945821.0,2998619.5,6170477.0,5795888.5,5554328.0,3227429.8,3318413.8,3154231.5,3112407.5,
2266,827.4811436936883,9.995556,,,,,,,,,,,0,1662005.1,0,3463171.2,1905522.0,2228330.0,1111319.4,1363447.0,1204636.8,1034650.4,0,0,0,0,1412532.6,997359.0,1063650.8,902019.7,783566.2,
2267,811.5060255565218,9.996805,,,,,,,,,,,0,8663526.0,0,1.9193762E7,1.0548534E7,1.278016E7,5034426.0,6515606.5,6559237.5,6258651.5,0,0,0,0,5977276.5,4726968.0,4822135.5,4635636.5,4013408.2,
2268,509.5100559115489,9.9904585,,,,,,,,,,,386107.16,333696.12,343091.72,340583.97,311133.84,348957.4,322173.12,346163.9,403697.9,376672.6,0,0,0,3442474.5,687348.06,431984.22,377735.56,355557.7,350015.94,
2269,696.5333796567038,10.00478,,,,,,,,,,,4205241.5,4491263.5,4309603.5,4786957.0,4516754.0,4651299.5,4492643.0,4343915.0,4109910.2,4113998.2,4292312.0,4074253.8,8862202.0,8530561.0,7937818.0,4831733.5,4559334.5,4216054.0,3929113.5,
2270,696.5339853299332,10.000568,,,,,,,,,,,4264078.5,4645861.0,4737773.0,4582895.0,4781934.5,5036578.0,4586625.0,4310105.0,4221423.0,4021900.0,0,0,0,8915803.0,8290842.0,5183228.0,4593743.0,4374505.5,4085761.0,
2271,1117.6928171406093,10.013606,,,,,,,,,,,0,8353539.0,0,2778861.2,4592999.0,5037609.5,1031962.7,750596.4,1384248.9,6688032.0,0,0,0,0,2307068.8,2174690.0,2117721.5,2007496.2,1989590.4,
2272,124.08851994838575,10.059011,,,,,,,,,,,2111725.5,4491079.5,2389384.2,4466252.0,3374056.8,3539859.8,5081386.5,0,3904908.0,3314358.2,3235833.2,3741501.5,0,2168782.0,3613158.5,4826069.0,5047800.5,4062237.2,0,
2273,184.9877038357491,10.015845,,,,,,,,,,,9653593.0,9479548.0,9316064.0,9065261.0,8615447.0,9000334.0,9291390.0,1.0011994E7,9013345.0,8676632.0,9371303.0,9003340.0,9858526.0,8747794.0,8873902.0,8869484.0,9564970.0,8316113.0,8875900.0,
2274,652.5073495195669,10.025843,,,,,,,,,,,4918433.0,5088588.0,4668544.0,5259932.5,5075842.0,5058132.0,4988860.0,4775798.5,4782543.0,4782689.0,0,0,0,9353355.0,8982519.0,5536204.5,5518915.0,4964740.0,4636791.5,
2275,144.98395438789635,10.07463,,,,,,,,,,,2.1287028E7,2.1170638E7,1.9122502E7,2.559437E7,2.036057E7,2.208266E7,2.387431E7,2.7707822E7,2.1451388E7,2.0113792E7,0,0,2.9853804E7,3.0188074E7,2.6371594E7,2.5482872E7,2.5687116E7,2.108188E7,2.0660722E7,
2276,146.98214121709984,10.059328,,,,,,,,,,,1.0017723E7,8834697.0,8903962.0,1.2246126E7,9240981.0,1.0279938E7,1.1069039E7,1.2824834E7,9648635.0,9530802.0,0,0,1.3534393E7,0,1.2069942E7,1.1883843E7,1.1542734E7,9785027.0,9585134.0,
2277,652.5067673155385,10.028201,,,,,,,,,,,4925017.5,5138544.0,4745119.5,5229351.0,5116561.5,4991843.5,5082611.0,4513861.0,4660046.0,4957436.0,4591268.0,4390631.0,9763098.0,9082943.0,8649051.0,5298921.5,5232751.5,4839593.5,4573812.5,
2278,613.4162303860523,10.035325,,,,,,,,,,,0,4910719.5,0,2447749.0,2736011.0,3350168.5,1401005.0,1085685.2,1893487.4,3571727.0,0,0,0,0,1973562.6,1331989.0,1652169.6,1223868.6,1206129.1,
2279,1087.6255958028346,10.02173,,,,,,,,,,,0,9176571.0,298852.53,4831040.0,5653195.5,6824202.5,2787943.5,2179627.5,3234348.5,6793987.5,355729.22,283335.4,308422.84,0,3825573.5,2760868.8,3125588.8,2540682.2,2266140.5,
2280,1094.7274720091284,10.035325,,,,,,,,,,,0,7095418.5,0,3562337.5,4785676.0,6236748.0,2297655.0,2205508.8,3497164.0,7219191.5,0,0,0,0,1925317.5,1929198.1,2156920.8,2296462.0,2703869.5,
2281,1066.6956754367843,10.035943,,,,,,,,,,,0,1.4842597E7,0,7764321.5,8904567.0,1.1003437E7,4185310.2,3446463.0,5447045.5,1.2014251E7,0,0,0,0,6296940.0,4441284.5,4774030.5,3895720.5,3701616.5,
2282,1071.6508274253506,10.035943,,,,,,,,,,,0,5.197869E7,0,2.6202784E7,3.2014668E7,3.8628988E7,1.5035131E7,1.1853161E7,1.9709952E7,4.1944576E7,0,0,0,0,1.7247842E7,1.4845565E7,1.5912748E7,1.4782719E7,1.3644303E7,
2283,130.1529614615749,10.093719,,,,,,,,,,,256681.62,250340.25,230718.77,285276.2,246653.84,253890.36,254889.83,213364.19,0,253702.53,224869.6,211403.11,383245.88,333542.6,262232.3,288243.06,277224.03,273291.47,231355.25,
2284,608.4803414364702,10.04854,,,,,,,,,,,3957493.8,4222162.0,3838942.5,4528947.0,4180372.5,4691195.0,4326434.5,4170545.0,4001650.5,3655384.5,0,0,0,8544401.0,7394467.0,4365588.0,4323749.5,3882227.5,4019314.2,
2285,139.98951928343726,10.038793,,,,,,,,,,,1.2784064E7,1.2024199E7,1.1839057E7,1.2145754E7,1.024738E7,1.1320582E7,1.2474031E7,1.3060139E7,1.2017954E7,1.1307834E7,1.2135353E7,1.1450011E7,1.3189073E7,1.0930632E7,1.1708293E7,1.1467959E7,1.243253E7,1.077431E7,1.2207426E7,
2286,608.4796778511042,10.051151,,,,,,,,,,,3904171.2,4233949.5,3757223.8,4513466.5,4309128.0,4368447.5,4174912.8,3918796.0,3825854.2,3796661.2,3819755.5,3807942.2,8908512.0,8143479.5,7297079.0,4264993.5,4215526.5,3870835.0,3942546.8,
2287,184.982924562877,10.086673,,,,,,,,,,,0,0,0,134014.0,0,0,0,0,0,0,0,0,0,171869.88,192746.58,0,0,0,0,
2288,130.16819230291117,10.092054,,,,,,,,,,,289720.53,309905.72,231139.72,300977.38,275680.88,264729.3,286508.6,319244.3,277718.0,258444.06,277257.66,253715.08,449720.56,412733.06,309956.8,316733.2,253378.97,288507.66,200673.58,
2289,564.4529600222105,10.073294,,,,,,,,,,,2421731.8,2440921.0,2220569.0,2663389.8,2438687.8,2413356.0,2846506.2,2283714.0,2450949.8,2507768.5,2197307.8,2246695.0,6985414.0,6305909.0,4755389.0,3213047.2,2929841.2,2509276.5,2129788.2,
2290,284.2978562448462,10.075397,,,,,,,,,,,3.4078896E7,3.7823656E7,2.1718812E7,5.359869E7,3.7209484E7,5.0754884E7,6.6063376E7,4.542377E7,4.957815E7,4.4397196E7,857966.3,812566.6,1711961.1,1236418.6,4.291593E7,3.2371608E7,2.6445334E7,2.5761468E7,1.7703034E7,
2291,284.29805634245685,10.071292,,,,,,,,,,,4.1613588E7,4.1997876E7,2.388912E7,5.033736E7,3.961623E7,5.5119412E7,8.0955736E7,4.8131404E7,5.3163864E7,4.131323E7,0,0,1760219.4,1389392.5,4.8640276E7,3.7347292E7,2.7306884E7,2.7012378E7,1.8529258E7,
2292,520.426412355913,10.089878,,,,,,,,,,,2080056.0,2346792.2,1894727.5,2988105.5,2438286.5,2386460.5,2748785.5,2061806.9,2210432.5,2172100.8,0,0,9086856.0,8682366.0,4846142.5,3674824.2,3233008.2,2142728.2,1673648.9,
2293,309.28248605834636,10.094071,,,,,,,,,,,3354202.8,3588959.0,2776031.5,5078620.5,4072780.2,3507305.5,4992195.5,3465008.2,2901443.0,2929900.2,0,0,0,1.6554255E7,8833415.0,6986067.0,6217833.5,3211807.0,2433557.0,
2294,309.2821925575856,10.095448,,,,,,,,,,,3475828.2,3694537.0,2647714.0,5047075.5,3956050.0,3524484.8,4676932.5,3226146.0,2966819.5,2903253.2,3037837.8,3284908.5,1.8074914E7,1.5928023E7,8125778.0,6857910.0,5912296.5,3187817.0,2379968.5,
2295,481.3549473922531,10.096312,,,,,,,,,,,540062.7,683916.2,376212.53,1054203.8,673936.4,697678.5,925438.06,570844.3,519337.38,539127.7,477522.84,545607.5,4597877.0,3901675.2,1660885.6,1287538.4,1248952.4,571389.2,385753.53,
2296,476.3997952539096,10.098018,,,,,,,,,,,1018548.9,1369237.6,773855.8,1779658.2,1310553.8,1216079.2,1508668.5,935137.7,894385.4,1004757.94,823846.6,972153.44,7322745.5,6891954.5,2956302.2,2490195.2,2012101.2,1066090.8,722938.1,
2297,382.37234260692145,10.102262,,,,,,,,,,,582111.6,4286876.0,834877.4,5881613.0,6321268.0,4821686.5,7323063.0,5378704.0,6691491.5,6844532.5,0,0,0,0,1717662.1,1995492.8,2009090.6,1939776.8,1940290.9,
2298,437.3288081831168,10.10867,,,,,,,,,,,991346.2,1465525.4,709826.6,1796879.2,1253848.0,1216098.1,1589987.6,980316.4,803577.1,895784.94,749684.94,903342.7,8016266.0,6645599.5,3108439.8,2548111.0,2064680.6,1043417.8,710260.8,
2299,146.98196431358483,10.107404,,,,,,,,,,,1.0329119E7,9154803.0,9394595.0,1.1960029E7,9628686.0,1.0498714E7,1.0586249E7,1.1032428E7,9536572.0,9394459.0,9696504.0,9781595.0,1.3932474E7,1.3453906E7,1.1781755E7,1.041899E7,1.2674387E7,1.0812928E7,9249580.0,
2300,144.98378496540312,10.107834,,,,,,,,,,,2.2588826E7,2.0022018E7,2.0272836E7,2.5185854E7,2.0922784E7,2.3069372E7,2.2946618E7,2.3808992E7,2.060659E7,2.0382722E7,2.0810578E7,2.1324186E7,3.0372678E7,2.8767144E7,2.5896324E7,2.2935034E7,2.7100084E7,2.362539E7,1.9788444E7,
2301,130.15464778195312,10.129561,,,,,,,,,,,198196.9,229518.44,0,0,156692.48,0,237220.6,206109.5,0,193422.94,0,0,293237.8,0,0,253886.78,160226.66,178512.02,0,
2302,310.31404850878664,10.121905,,,,,,,,,,,1.1701386E7,2.250636E7,1.0194902E7,2.2569674E7,1.4754004E7,2.0048752E7,2.0544336E7,2.0396282E7,2.122705E7,1.2928172E7,0,0,0,3309211.8,1.2288667E7,9270056.0,1.4242145E7,1.1411445E7,9732555.0,
2303,310.31377296794545,10.12443,,,,,,,,,,,1.0561118E7,1.8615832E7,1.008208E7,2.0999576E7,1.6110606E7,1.7778324E7,1.9096912E7,1.863286E7,1.7667278E7,1.5569895E7,2469745.5,2283971.2,3965518.2,3278498.8,1.1693094E7,8949057.0,1.2890347E7,1.1338228E7,9954660.0,
2304,683.2920736079685,10.129324,,,,,,,,,,,0,4477172.0,0,5501924.5,5112358.0,5281494.5,6906874.0,3355112.2,4149908.2,4416153.0,0,0,0,0,1836315.4,1422104.4,1640652.9,1393591.6,1351704.8,
2305,661.3099844269576,10.129948,,,,,,,,,,,0,1.0035123E7,0,1.3305785E7,1.2623688E7,1.2905065E7,1.7361112E7,9757038.0,1.1659602E7,1.2718431E7,0,0,0,0,3581542.2,3565007.5,3829836.0,3653217.8,3879898.2,
2306,124.08852037093098,10.157697,,,,,,,,,,,3911122.2,0,5789070.5,4024078.8,4319006.0,0,4276930.0,5696511.0,3990922.0,4730740.5,3705918.8,0,4862247.5,3332751.5,4093046.2,6558957.0,0,5272680.5,3653695.2,
2307,130.15296146461378,10.132873,,,,,,,,,,,256681.62,250340.25,225768.47,245896.45,233931.5,234925.69,271994.84,243874.52,230999.11,253702.53,223562.11,211403.11,383245.88,403967.06,285996.88,299787.9,277224.03,0,231355.25,
2308,467.39471130626623,10.134306,,,,,,,,,,,0,1193457.9,0,1902091.0,3364749.0,2317588.8,2798568.2,2140150.5,1605652.5,2474330.8,0,0,0,0,594530.94,615088.2,733046.3,629138.25,707360.1,
2309,539.4135738084877,10.134306,,,,,,,,,,,0,2639565.5,0,4648043.5,8389334.0,5674163.0,7098351.5,5451408.0,4386569.0,5985415.5,0,0,0,0,1362504.1,1527886.6,1834536.8,1781442.8,1894681.4,
2310,623.2937764923441,10.136791,,,,,,,,,,,0,4417530.5,0,3837752.2,3820851.0,1893138.0,228089.4,1228894.5,2752278.2,2250511.5,0,0,0,0,1497671.9,1319988.1,1428312.4,1359779.4,1573933.2,
2311,130.16676277739617,10.156219,,,,,,,,,,,256921.8,387773.4,0,0,281512.9,249188.38,264545.38,301465.38,267609.4,0,284472.4,250923.03,0,365980.12,278436.5,307499.78,277684.16,286563.38,0,
2312,126.10416152116207,10.152134,,,,,,,,,,,971513.8,1225531.8,1320370.4,2068791.2,1687833.9,0,1813860.5,1728440.9,1462564.8,735269.25,1754894.9,1372488.0,2912086.5,2054555.1,0,1956428.2,2512072.8,860390.56,1334529.5,
2313,409.1877961739881,10.189903,,,,,,,,,,,1.5098818E8,1.5479474E8,1.4014795E8,1.5116598E8,1.4010688E8,1.4219693E8,1.5093579E8,1.556466E8,1.5391643E8,1.4025288E8,0,0,0,2.484246E8,2.3455445E8,1.4612512E8,1257077.6,1.5709856E8,1.3182366E8,
2314,172.11743586982485,10.192422,,,,,,,,,,,7.93446E7,7.781616E7,7.120163E7,7.495982E7,6.6174664E7,7.0246264E7,7.474659E7,8.33496E7,7.2116904E7,7.110869E7,0,0,0,1.20540744E8,1.1623531E8,6.8391736E7,7.609535E7,7.610894E7,6.275559E7,
2315,204.08994301507872,10.192041,,,,,,,,,,,1.6062102E7,1.5378755E7,1.4782094E7,1.5531782E7,1.4149711E7,1.5284299E7,1.4802125E7,1.7251392E7,1.4379984E7,1.4796343E7,0,0,0,2.5201262E7,2.3239096E7,0,1.6188563E7,1.564579E7,0,
2316,471.1107844042629,10.195017,,,,,,,,,,,3.4232416E7,3.606294E7,3.1486434E7,3.551635E7,3.441897E7,3.3306554E7,3.4757144E7,3.2934696E7,3.2232204E7,3.235595E7,0,0,0,5.7712636E7,5.1692364E7,0,4.086922E7,3.480076E7,1.3387284E7,
2317,612.2706041875304,10.192924,,,,,,,,,,,1.6274657E7,1.8742208E7,1.4535878E7,1.7997224E7,1.6968774E7,1.6035898E7,1.7880874E7,1.4135111E7,1.629457E7,1.3452259E7,0,0,0,5.327292E7,4.692694E7,1.849141E7,2.0927606E7,1.7400508E7,8193825.5,
2318,879.2910177227571,10.193421,,,,,,,,,,,6939516.0,8115619.5,6848589.0,8510488.0,8091417.5,7571855.5,7827101.0,6708082.5,7116205.5,6973221.0,0,0,0,1.5423671E7,1.3305434E7,7596279.0,9842231.0,8144041.5,5340114.5,
2319,172.11730835203906,10.194831,,,,,,,,,,,7.378018E7,7.182741E7,6.590474E7,7.209526E7,6.761187E7,6.4883764E7,6.856959E7,7.966953E7,7.258789E7,7.4297384E7,6.143165E7,6.1838056E7,1.1838819E8,1.2038967E8,1.11874536E8,6.949966E7,7.576687E7,7.1739256E7,6.123987E7,
2320,280.0346337942772,10.194831,,,,,,,,,,,3019324.0,3102471.2,2937011.2,3167847.5,2922926.8,2880717.5,2875293.0,3321338.0,3166625.0,3480861.5,2788211.0,2684629.0,5216830.0,5373666.0,4914142.5,3052482.2,3208360.0,3050857.2,2699958.8,
2321,409.18744955559026,10.194831,,,,,,,,,,,1.4459848E8,1.4452848E8,1.3510686E8,1.4476237E8,1.4008093E8,1.34142744E8,1.4001515E8,1.4843598E8,1.4639083E8,1.4665949E8,1.3200657E8,1.3063289E8,2.3767693E8,2.46685E8,2.2711053E8,1.4314246E8,1.4990488E8,1.4752826E8,1.30110744E8,
2322,471.1102952495049,10.194829,,,,,,,,,,,3.2653828E7,3.424049E7,3.1474644E7,3.617346E7,3.4191756E7,3.1939496E7,3.4788444E7,3.2892138E7,3.2906222E7,3.3122026E7,2.894465E7,2.9628408E7,6.2721076E7,5.8124616E7,5.0570308E7,3.8768012E7,3.9121064E7,3.3925908E7,2.989317E7,
2323,482.2779360484042,10.194412,,,,,,,,,,,2312810.8,2290203.5,2363484.8,2742858.2,2344242.5,2382192.8,2532300.0,2387816.0,2430412.0,2320462.2,2261732.5,2069925.6,5386691.0,5559819.0,4149098.8,2760639.2,2751852.8,2635436.8,2326202.8,
2324,204.08973976467524,10.195669,,,,,,,,,,,1.5062094E7,1.4395726E7,1.3589173E7,1.4781274E7,1.414585E7,1.3643113E7,1.3515592E7,1.6661775E7,1.4689504E7,1.5532374E7,1.3003768E7,1.264887E7,2.5133042E7,2.461254E7,2.2375874E7,1.4551089E7,1.5618152E7,1.4868944E7,1.2724258E7,
2325,236.06211801734494,10.195669,,,,,,,,,,,2348181.2,2753435.0,2376396.2,2691599.5,2599293.2,2598799.0,2437469.8,2566526.8,2443001.8,2860013.2,2137227.5,2219297.0,6716859.0,6055882.5,5366483.0,2753840.2,2897530.8,2464682.0,2116288.8,
2326,879.2901888469667,10.195672,,,,,,,,,,,6724679.5,7560584.0,6533692.5,7636170.5,7634199.0,7332805.0,7515406.0,6665518.5,6712359.0,6938067.5,6279191.5,7001283.0,1.4744989E7,1.4914663E7,1.2500763E7,8536339.0,8822819.0,7725496.0,6855645.0,
2327,612.2700252654186,10.196089,,,,,,,,,,,1.4734387E7,1.633225E7,1.3606812E7,1.6185349E7,1.5726694E7,1.480399E7,1.5952612E7,1.3325224E7,1.4233907E7,1.5050668E7,1.2526319E7,1.2611612E7,5.0411516E7,4.861695E7,4.3967812E7,1.7300898E7,1.7851032E7,1.5451968E7,1.3253893E7,
2328,1071.6502099630848,10.196829,,,,,,,,,,,0,3783977.5,0,2410296.8,3519974.2,3629250.0,1983217.8,1394858.1,2130462.5,4332521.0,0,0,0,0,1039434.6,1034564.94,1142941.8,1239433.9,1086099.6,
2329,124.08856703186693,10.229993,,,,,,,,,,,4859701.0,5098416.5,5789070.5,5731365.0,5634815.0,5610946.0,6951116.5,4870305.5,0,4832320.5,0,0,4174182.8,5425948.0,4085867.8,6558957.0,8533077.0,5541968.5,0,
2330,153.11527505878416,10.214742,,,,,,,,,,,1233939.6,1637411.9,1365236.1,1977372.4,2554081.5,2065110.6,985217.7,1873751.6,1608126.0,2441619.5,2068529.4,0,2164435.8,1783982.8,2639620.5,1704368.2,2111100.0,2332673.2,1445406.0,
2331,126.1039762666151,10.244854,,,,,,,,,,,0,0,0,3130602.0,0,0,0,0,0,0,0,2312127.0,2912086.5,0,3723148.8,3568763.5,4444409.0,0,0,
2332,336.3295892330237,10.231056,,,,,,,,,,,2375832.8,3369288.0,2707398.0,4087182.8,3782560.0,4355566.5,2535237.5,2355230.8,2223882.2,3384484.0,2743787.2,2259034.0,5604224.0,5076803.0,4349069.5,2626618.2,2794303.5,3801144.0,2688630.8,
2333,641.4488059905784,10.236803,,,,,,,,,,,0,3.643606E7,0,1.1529237E7,1.204829E7,1.9594144E7,1448163.1,1412325.8,5976594.0,2.1320022E7,0,0,0,0,6579296.5,6300650.0,6315854.0,5692992.5,5779598.5,
2334,1077.6994679419797,10.236803,,,,,,,,,,,0,9672921.0,0,3006661.8,3244885.2,4720270.0,368609.97,360292.53,1443444.0,5821907.0,0,0,0,0,1785212.6,1653467.5,1598034.0,1349519.0,1456006.4,
2335,1094.726739361826,10.236803,,,,,,,,,,,0,1.617263E8,0,4.9562972E7,4.8995584E7,8.163783E7,5647896.0,5428830.5,2.3616774E7,9.800453E7,0,0,0,0,2.812907E7,2.734913E7,2.6833312E7,2.417067E7,2.3099864E7,
2336,1099.6812023882765,10.236803,,,,,,,,,,,0,3.1117632E8,0,1.185678E8,1.21946E8,1.9856016E8,1.1296699E7,9662385.0,5.4666616E7,2.179087E8,0,0,0,0,6.2849468E7,5.605043E7,6.1409868E7,6.000861E7,5.8819676E7,
2337,1115.6568885285808,10.236803,,,,,,,,,,,0,4.868963E7,0,1.9263008E7,1.9801396E7,3.0868916E7,1945347.6,1603221.8,8719876.0,3.1552136E7,0,0,0,0,1.2119836E7,9472014.0,1.0328831E7,9554974.0,8717546.0,
2338,1122.758347035053,10.236803,,,,,,,,,,,0,5.5089544E7,0,1.5173311E7,1.7977582E7,3.2018256E7,1622329.2,1656089.5,8805931.0,4.1998396E7,0,0,0,0,6096080.5,6333338.0,7051501.5,8565653.0,9153082.0,
2339,623.4381532668452,10.236787,,,,,,,,,,,0,7837153.0,0,2557131.0,2643252.2,4216352.5,352222.84,0,1277334.6,4803904.0,0,0,0,0,1468073.8,1457280.4,1474038.2,1288388.0,1431497.5,
2340,126.10417755921935,10.257799,,,,,,,,,,,1163907.9,0,1875698.9,3130602.0,2881220.8,2084517.2,1056381.4,0,1582405.2,2063245.5,0,3598912.8,4014370.0,0,3101552.2,3568763.5,4444409.0,2934589.8,0,
2341,151.0990240827217,10.2836275,,,,,,,,,,,0,0,1342277.8,0,0,0,817124.3,0,0,0,0,2940004.0,2879990.8,1364122.9,1155182.2,3434511.2,0,0,1586413.5,
2342,153.11489246180125,10.285176,,,,,,,,,,,0,0,0,0,0,0,0,0,0,0,0,3679695.5,3579706.5,0,0,3245483.0,2493693.2,0,1918044.1,
2343,424.4562924797192,10.281005,,,,,,,,,,,5312148.5,1.8615214E7,1.1700494E7,5788355.0,1.4315564E7,1.4832651E7,1.344801E7,488416.5,1.1772889E7,339901.44,0,0,0,0,0,5621783.5,5436317.5,1.3402785E7,1.5512655E7,
2344,621.4199427907486,10.284962,,,,,,,,,,,0,1789451.9,0,5711999.0,5862330.0,3876051.2,4139699.5,2928142.5,3518213.0,3137943.5,0,0,0,0,1531333.8,1470003.4,1625430.2,1628722.2,1394255.9,
2345,568.433333573809,10.288046,,,,,,,,,,,0,2.5034428E7,0,4.0735276E7,4.543185E7,4.1250356E7,3.8936044E7,3.872167E7,3.8236772E7,3.0911724E7,0,0,0,0,1.7457976E7,1.8957114E7,1.9093434E7,1.8944854E7,1.9778216E7,
2346,1073.6652450233084,10.288045,,,,,,,,,,,0,4420667.0,0,1737958.1,2479177.0,3573663.2,941825.1,893375.5,1556412.2,3943226.5,0,0,0,0,1470621.1,1159718.1,1270675.4,1437554.6,1118950.5,
2347,628.2020645142835,10.328331,,,,,,,,,,,1.467893E7,189394.95,1.0712676E7,1.7285626E7,194671.6,1.4061775E7,193373.7,1.7195002E7,1.4904224E7,9450986.0,0,0,661250.5,3.3706904E7,2.5669214E7,2.330408E7,2.0748084E7,1.5102348E7,1.1461759E7,
2348,408.38884955851177,10.298511,,,,,,,,,,,728509.3,1.1095441E7,1268473.9,1.4454336E7,1.707941E7,1.3104442E7,1.9438448E7,1.453816E7,1.4614016E7,1.6404354E7,0,0,0,0,3750275.8,4014982.2,3605396.2,3764258.8,4011279.5,
2349,430.3711335210307,10.298512,,,,,,,,,,,179232.31,2807333.0,335620.22,3427265.8,4128103.2,3058265.0,4677903.0,3445819.2,3273651.8,3700348.5,0,0,0,0,1063414.8,1108149.2,942877.3,851045.9,908362.2,
2350,371.10551753529825,10.336348,,,,,,,,,,,5448871.5,6936917.0,3453420.2,5767681.5,5034690.5,5160429.5,197150.86,6246717.0,5185476.5,3477151.8,0,0,1.4581072E7,1.1730547E7,9733378.0,210792.1,7206206.0,5139559.5,3977581.2,
2351,124.0883903728337,10.324354,,,,,,,,,,,7812176.5,7645395.5,4349652.5,7111931.5,0,7106020.0,7983514.5,0,7912412.5,0,6784367.0,4434455.5,7353931.5,6225115.5,8272328.5,6983346.0,6853226.0,0,5112680.5,
2352,424.45423530858125,10.292309,,,,,,,,,,,0,0,0,0,0,0,0,0,0,0,5044069.0,0,0,0,0,0,0,0,1.5174772E7,
2353,396.3881860021817,10.312484,,,,,,,,,,,1800127.1,9171180.0,2337867.8,1.086524E7,1.1121436E7,9195661.0,1.4654654E7,1.2030662E7,1.2075457E7,1.3826837E7,0,0,0,0,4275955.0,4690246.0,4204307.0,4872749.0,5013991.5,
2354,130.15293197918393,10.3383665,,,,,,,,,,,341469.06,307342.75,307469.4,0,280267.28,305131.84,301915.2,322548.0,240259.98,289232.28,280538.7,305726.53,510444.94,476844.62,285774.16,336789.4,343501.28,304894.62,0,
2355,1101.697782956877,10.323968,,,,,,,,,,,0,4727147.5,0,1481659.1,2241880.0,2783317.5,515341.84,407473.56,1064799.1,2613401.5,0,0,0,0,948209.8,1144659.0,1144923.2,1086681.8,776191.56,
2356,628.2020286820344,10.337293,,,,,,,,,,,1.467893E7,1.8645016E7,1.0712676E7,1.7285626E7,1.4778771E7,1.4061775E7,1.4927653E7,1.7195002E7,1.4904224E7,9729985.0,0,0,3.922927E7,3.3652964E7,211665.58,2.330408E7,213410.4,1.5102348E7,1.1461759E7,
2357,126.1041558884857,10.327946,,,,,,,,,,,1598513.6,1787260.4,3084184.5,3130602.0,2623632.5,1807071.4,2703793.8,2686733.0,2037450.5,2146225.8,2198903.5,2659143.5,3060217.0,2237749.5,3328331.5,2772422.2,3635988.5,2489304.5,1728507.9,
2358,628.2015287564333,10.337292,,,,,,,,,,,1.2951456E7,1.7765746E7,1.0234399E7,1.5769803E7,1.3906807E7,1.3208165E7,1.3932391E7,1.6136858E7,1.4094408E7,9729985.0,9911178.0,1.1038398E7,568327.7,487873.88,2.3659788E7,2.252793E7,1.9549002E7,1.4263669E7,1.060969E7,
2359,248.06165647649345,10.343601,,,,,,,,,,,2036517.2,2926779.8,1647608.1,2558151.5,2417445.0,2316277.2,2334200.5,2846091.2,2382214.2,1750369.2,1615110.0,1866973.9,6426093.5,5490936.0,4127498.5,3990673.0,3143916.8,2326205.2,1853348.4,
2360,355.0737343095092,10.343601,,,,,,,,,,,5212831.5,7395445.0,4008762.5,6249747.5,5886386.5,5425641.0,5731223.5,6815858.5,5478544.0,4313043.0,3980233.5,4589520.5,1.5535449E7,1.293442E7,1.0196622E7,9201802.0,7724664.5,5729536.0,4404884.5,
2361,371.1052153621649,10.343178,,,,,,,,,,,4627958.5,6496117.5,3438066.0,5506968.5,4872445.0,4924534.0,4897822.0,5863323.5,5049957.0,3641849.0,3491085.5,3970227.5,1.368925E7,1.170965E7,8600067.0,8069077.5,6622531.0,4942657.0,3847906.5,
2362,355.0740662646274,10.341431,,,,,,,,,,,6178297.5,8019252.5,4079109.5,6737972.0,6215746.5,5582448.5,5914522.5,7188988.5,5534627.5,4128728.0,0,0,0,1.2748657E7,1.1408291E7,9897062.0,8431431.0,6348565.0,4513062.0,
2363,130.154578277103,10.359478,,,,,,,,,,,0,247430.03,0,232057.31,195726.3,304115.66,281173.53,295226.94,183358.95,253953.9,0,242103.9,0,0,0,0,290566.5,224335.98,239714.75,
2364,410.40407777937077,10.354853,,,,,,,,,,,2615329.2,5232442.5,2734036.2,6402489.0,5337052.0,5415372.0,6789568.0,5465131.0,5449051.5,5913328.5,0,0,0,0,3270987.2,3597868.2,3456346.5,3230502.2,3262559.2,
2365,640.5908446734924,10.381992,,,,,,,,,,,0,0,0,0,0,0,0,0,0,0,1.0610504E7,1.0480606E7,414714.34,0,0,0,0,0,0,
2366,951.5759523193038,10.369595,,,,,,,,,,,0,1.0621005E7,0,4128812.5,4109821.0,4861352.5,485174.66,553513.25,1610712.9,4279477.5,0,0,0,0,1710735.9,1978548.0,2352679.8,1876359.4,1872073.2,
2367,787.5060487169129,10.370213,,,,,,,,,,,0,8422351.0,0,2098734.5,2856719.8,3924454.0,374586.9,651007.94,828808.56,3162087.2,0,0,0,0,1388841.1,1658470.2,1727196.8,1233953.1,1317625.9,
2368,607.2980742606965,10.370213,,,,,,,,,,,0,3.032138E8,0,3.6755677E8,2.5309429E8,1.7184022E8,3.8329364E7,1.24182E8,2.0059674E8,1.6075907E8,0,0,0,0,9.997421E7,1.07410904E8,1.1154547E8,1.0025498E8,1.08849304E8,
2369,629.2806276903414,10.370213,,,,,,,,,,,0,7.149119E7,0,8.11468E7,5.9291548E7,4.0264028E7,8906801.0,2.4511706E7,4.134664E7,3.3528942E7,0,0,0,0,2.848325E7,2.7526844E7,2.7574116E7,2.2843886E7,2.254933E7,
2370,645.2549643480561,10.370213,,,,,,,,,,,0,1.8637172E7,0,2.2695786E7,1.5756084E7,1.0497176E7,2365213.0,6305548.0,1.1099592E7,8399889.0,0,0,0,0,7855108.5,7914503.5,7708319.5,6120536.5,5839040.0,
2371,1213.5900730422559,10.369766,,,,,,,,,,,0,3811760.5,0,5881281.0,2716847.2,1487015.9,0,704319.4,1487802.2,1466438.0,0,0,0,0,375430.22,582898.1,578537.06,497919.66,0,
2372,606.292149265467,10.371444,,,,,,,,,,,0,7149610.5,0,6992933.0,6206800.5,5406451.0,1132019.8,3669414.0,6171330.0,4455380.0,0,0,0,0,2587884.2,4065281.2,3106214.0,3050956.5,2704548.8,
2373,666.6068298390593,10.375834,,,,,,,,,,,0,0,0,0,0,0,0,0,0,0,5389652.5,5441906.0,0,223765.89,0,0,0,0,0,
2374,146.98211992496374,10.426526,,,,,,,,,,,1.0946555E7,1.0217336E7,1.1129761E7,1.2128149E7,1.1878736E7,1.206717E7,1.1042136E7,1.0174963E7,1.0039837E7,1.0609435E7,0,0,1.494768E7,1.3717107E7,1.2620931E7,1.3200771E7,1.1700642E7,1.1433516E7,1.0077277E7,
2375,640.5947738291419,10.387711,,,,,,,,,,,1.0854363E7,1.1816188E7,1.0688384E7,1.203658E7,1.1773729E7,1.2523637E7,1.1767281E7,1.1159563E7,1.1380817E7,1.0858321E7,0,0,414714.34,2.0883722E7,1.8690814E7,1.2408632E7,1.2217365E7,1.0575573E7,1.0599607E7,
2376,666.6107639311638,10.390471,,,,,,,,,,,5536049.0,6003834.5,5594019.0,6315400.0,6111620.0,7152525.0,5844712.5,5822481.5,5861716.0,5873115.0,0,0,0,1.0169233E7,9515073.0,6414033.0,6660065.0,5740287.0,5567757.0,
2377,1094.727305104154,10.386202,,,,,,,,,,,0,4483160.0,0,2166423.5,2590499.8,3493297.5,1042790.0,773012.75,1088005.2,4017764.5,0,0,0,0,1104851.8,949188.8,982596.75,904161.06,858099.44,
2378,1099.6826400522489,10.38682,,,,,,,,,,,0,1.5712993E7,0,7335013.0,9636136.0,1.2373825E7,4056213.5,2376990.8,4097585.8,1.2517105E7,0,0,0,0,3561359.8,2713629.2,3170007.0,2926448.8,2721980.0,
2379,130.16812093815025,10.411451,,,,,,,,,,,392955.12,348197.78,366090.94,362131.3,393623.5,359468.94,378777.16,418780.3,321562.78,351023.75,355542.1,326537.97,580100.7,575754.8,0,375033.72,372530.75,433850.06,352492.62,
2380,744.5911045223648,10.387879,,,,,,,,,,,2809097.5,3566238.2,2921215.2,3950783.0,3422598.5,3389470.5,3205098.5,3103399.5,3109274.5,3264931.0,2531477.8,2794315.0,4835207.5,5325536.0,5077795.5,3505694.5,3785651.8,3143461.2,2782939.2,
2381,926.5943711967357,10.397935,,,,,,,,,,,0,1198156.9,0,5189665.5,4801748.5,2563979.0,3791160.5,3238762.8,3235768.8,2176787.2,0,0,0,0,1088899.5,1137419.2,1153393.4,1176827.1,1105739.0,
2382,931.5495164408451,10.397939,,,,,,,,,,,0,1666323.4,0,6352735.5,5520109.5,3210159.5,4868094.5,3834417.0,3878847.8,2759308.0,0,0,0,0,1167899.1,1388219.2,1468490.5,1253910.8,1323860.6,
2383,124.08843550114115,10.425658,,,,,,,,,,,1.4183393E7,0,7290105.5,0,8856861.0,1.0103388E7,7687142.5,7295233.5,5694919.0,0,8679084.0,5554993.0,4807132.0,1.2431154E7,7975092.0,1.1553242E7,9016341.0,0,7350707.0,
2384,700.5611749012347,10.427522,,,,,,,,,,,0,0,0,0,0,0,0,0,0,0,2901358.2,3012662.0,6171080.0,0,0,0,0,0,0,
2385,144.98393263195914,10.44359,,,,,,,,,,,2.4039692E7,2.2553888E7,2.482409E7,2.5286884E7,2.8334816E7,2.570487E7,2.4173682E7,2.2584898E7,2.185061E7,2.294613E7,0,0,3.187398E7,2.9344688E7,2.7401966E7,2.809901E7,2.4887892E7,2.4859468E7,2.3348524E7,
2386,700.5648360294763,10.413734,,,,,,,,,,,3190002.0,3511794.2,3157384.8,3713176.8,3368915.8,3433616.5,3492441.0,3217767.5,2994560.2,2996603.0,0,3001390.8,6174221.5,6148163.5,5677177.5,3800612.0,3890549.8,3454881.8,3364725.5,
2387,153.115217249421,10.4150715,,,,,,,,,,,0,2858118.2,2960215.2,3029083.8,2773231.5,3016507.5,2571281.8,2682219.0,0,2097401.5,2863987.0,2895720.2,1967323.2,3837015.0,2842206.8,3837682.8,3215477.5,2018511.9,2676575.5,
2388,666.6106334215659,10.395698,,,,,,,,,,,5607983.5,5987534.0,5759598.0,6164086.5,6220733.5,7306424.5,5757012.5,5877751.0,6125958.5,5847458.0,0,0,1.0563167E7,1.0125671E7,9200564.0,6154498.0,6326627.5,5893795.5,5665734.0,
2389,415.04535509538084,10.459641,,,,,,,,,,,0,0,0,4436113.0,0,0,0,4425501.5,0,0,4076545.0,4263974.5,8256785.0,0,0,4988333.0,0,4598718.5,4313410.0,
2390,640.5948288496834,10.3924055,,,,,,,,,,,1.0905192E7,1.1991595E7,1.0716075E7,1.187332E7,1.2019071E7,1.2792925E7,1.1530471E7,1.1736014E7,1.1442728E7,1.1308028E7,0,0,2.0808416E7,1.9839856E7,1.8048654E7,1.2564775E7,1.2297315E7,1.082712E7,1.0696052E7,
2391,126.10417646517013,10.422224,,,,,,,,,,,1861683.5,2920067.8,4472295.0,3392067.0,3344443.8,3491997.5,2783637.0,0,0,0,2569632.0,0,0,4633292.5,4713014.0,4524365.5,0,2026685.6,2543639.2,
2392,656.5381470799545,10.437405,,,,,,,,,,,3280909.0,3825203.2,3385346.0,3702623.5,3640451.5,3415591.5,3631703.2,3244614.2,3321807.2,3321623.8,3213247.0,3020146.5,6729954.5,6116907.0,5818012.0,4103669.2,4033182.5,3601574.0,3470974.5,
2393,144.98339335896512,10.459534,,,,,,,,,,,0,2.2070448E7,2.482409E7,0,0,2.4000492E7,0,0,0,0,2.2921436E7,2.315947E7,3.187398E7,0,0,3.0224352E7,0,0,2.3348524E7,
2394,146.98150564686196,10.475478,,,,,,,,,,,0,0,1.1129761E7,0,0,1.1104001E7,0,0,0,0,1.0369432E7,1.0352151E7,1.494768E7,0,0,1.3790043E7,0,0,1.0870268E7,
2395,612.5116568101971,10.456373,,,,,,,,,,,3196794.5,3928364.2,3358018.2,3980490.5,3901256.8,3738864.0,3496220.8,3276080.5,3110355.2,3337351.8,0,0,0,6590469.0,5998034.0,4010967.8,4025459.0,3362492.5,3125458.8,
2396,612.5105059334599,10.461133,,,,,,,,,,,3143214.8,3749162.2,3271822.0,3795707.0,3638718.8,3539577.8,3333114.0,3285859.2,3186309.2,3470693.0,2905245.8,3197585.0,6305925.5,6214936.5,5795640.5,3774831.0,3818510.8,3483478.5,3043812.5,
2397,568.4835805613524,10.482403,,,,,,,,,,,3208644.0,3021920.8,2919694.0,3498039.5,3492305.5,3242307.5,3540020.2,3072749.0,3000278.2,0,2924057.0,2921632.8,6954217.0,5767058.5,5041471.0,3555435.8,3475943.0,3316341.2,3149590.8,
2398,607.3005415227364,10.490221,,,,,,,,,,,0,3999742.8,0,4765078.0,3104384.8,2102334.2,566514.25,2167028.5,3121930.0,2251898.0,0,0,0,0,1287872.1,1489942.6,1345337.2,1458594.6,1500084.1,
2399,610.1909882649916,10.514055,,,,,,,,,,,2.02133E7,1.822643E7,1.8673122E7,1.980172E7,1.8229736E7,1.9975162E7,1.9014076E7,1.8313354E7,1.9429888E7,1.7764442E7,0,0,5109766.0,3651167.8,4459217.5,1.2343695E7,2.2884498E7,2.011179E7,1.821436E7,
2400,524.457372718126,10.49656,,,,,,,,,,,2558397.2,2768378.8,2503401.0,2804819.0,2571773.0,2579015.2,2792555.8,2518437.2,2432404.8,2478785.0,0,0,224830.45,4781071.0,4633501.5,3200374.0,2809910.0,2385286.8,2534314.2,
2401,130.1546726969038,10.503731,,,,,,,,,,,224128.95,320155.97,314997.44,295703.47,306830.47,0,304443.84,207890.23,0,196750.61,0,0,0,0,309722.9,298774.97,0,0,0,
2402,126.10419046999574,10.52234,,,,,,,,,,,5529576.5,3822607.2,0,5174796.0,3062407.0,2965035.0,3231117.8,3749062.5,2945298.8,5258921.5,3195286.0,3956430.8,0,0,4093012.5,5998851.5,3791135.8,0,0,
2403,153.11536239951653,10.536111,,,,,,,,,,,4879151.5,3771514.0,0,4704374.0,0,3851052.5,2955212.2,3868123.8,2857866.0,5402416.5,0,0,4585012.0,0,3365501.8,5183754.0,3454085.5,0,4233799.5,
2404,422.40531311067974,10.513917,,,,,,,,,,,0,5306669.5,631342.2,7547051.0,6997915.5,6186883.0,8219028.5,6918249.5,7290665.5,7829727.5,0,0,0,0,1713426.0,1947192.2,1919683.0,2067600.9,1938108.4,
2405,524.4558156113266,10.518896,,,,,,,,,,,0,0,553306.3,0,0,0,0,0,0,0,2394235.2,2352441.2,5723628.5,0,0,3296445.8,0,0,2667718.2,
2406,144.97487551642539,10.533705,,,,,,,,,,,187033.94,193686.08,180506.92,194010.86,0,173525.23,193288.77,179995.39,186861.7,173514.34,180786.2,0,196545.56,196053.12,207455.62,217598.89,212986.89,166837.66,163119.14,
2407,638.6622624531341,10.480111,,,,,,,,,,,957518.7,675723.94,1242065.9,1907355.8,0,641131.9,943323.4,1235688.2,1293631.1,0,1389473.0,1284970.8,471365.34,478008.78,0,431366.38,4199379.0,809385.3,1255373.0,
2408,124.08848016039049,10.56123,,,,,,,,,,,1.0941234E7,1.3991832E7,1.3443244E7,1.7323044E7,1.7978108E7,0,1.5995108E7,1.1021797E7,1.0999354E7,1.2556324E7,0,1.0138796E7,1.7474724E7,1.0986027E7,1.9090602E7,0,1.1675785E7,0,1.3927884E7,
2409,708.5194233160435,10.574593,,,,,,,,,,,8593535.0,7479293.5,8503503.0,7348797.0,7553458.0,8357945.5,7970928.0,8760382.0,8435455.0,8173549.0,0,0,1.6027232E7,1.951755E7,1.3804332E7,1.2178109E7,8001597.5,8217784.0,8177178.5,
2410,708.5123485399241,10.617954,,,,,,,,,,,8457283.0,7117950.0,8800722.0,7227531.5,7320622.5,8262299.5,7354257.0,8429252.0,8682758.0,8062521.5,8317648.0,8837685.0,0,1.922281E7,1.2450293E7,1.0778774E7,7758056.0,8264164.5,8318489.5,
2411,130.15296173180533,10.55989,,,,,,,,,,,350793.0,348282.06,357589.97,380881.9,347870.25,402221.2,456272.75,339735.2,402151.84,364891.25,320711.06,371744.3,578352.75,486450.28,403615.0,391053.94,0,384460.6,316823.94,
2412,163.09966961149996,10.558682,,,,,,,,,,,2615234.5,2551397.8,2527507.8,0,2785677.8,2092418.1,2393287.2,2543031.0,1982797.5,3079166.8,2762217.5,0,2837008.8,2084866.9,2880389.8,2215159.2,0,2141000.2,2788861.0,
2413,415.0438853203567,10.590759,,,,,,,,,,,4269587.0,4472429.0,4171026.0,4403263.5,4833065.5,4527870.0,4517112.5,4535297.0,4482767.5,4442704.0,4202477.5,4478158.5,8067820.5,8486304.0,5412462.5,5195860.5,4805651.5,4652386.5,4357955.5,
2414,151.09935960186274,10.569807,,,,,,,,,,,2921547.8,3110556.5,2923464.8,4105043.2,3525516.0,0,2770938.5,2897608.5,3029243.5,2973267.5,7675227.5,3571953.0,3878204.5,3109357.8,2966455.0,4468131.0,0,0,3295049.8,
2415,126.10404822678444,10.562554,,,,,,,,,,,4150926.2,3889730.5,3395343.0,5174796.0,4415313.0,2921749.2,3694486.2,2981611.8,3213799.8,3602382.2,9140223.0,3956430.8,5137924.5,4097697.2,5862110.0,3972784.8,0,2971158.2,3544139.8,
2416,153.11507519242974,10.566133,,,,,,,,,,,3726394.0,3731161.5,3600166.2,4704374.0,4204595.5,4727566.0,3466363.0,3181498.5,3517526.8,3774383.0,9265885.0,4029781.8,4604067.0,3585615.0,5169917.0,3507387.8,0,2989339.2,3874256.2,
2417,130.16776129045442,10.588335,,,,,,,,,,,381902.53,417293.66,386127.9,462110.3,0,363502.25,413902.25,415026.94,372566.06,363193.7,391363.53,467089.8,579840.56,587485.0,403800.88,435592.28,359424.2,380599.53,368611.66,
2418,138.1040427882052,10.5753975,,,,,,,,,,,2330218.8,2148079.5,2252057.2,2950351.5,2483167.5,0,1991860.2,2064941.1,2068312.8,2283499.0,4107985.8,0,2703269.0,1691953.2,2869549.5,2250194.0,0,2427142.5,2297877.0,
2419,683.4574093366585,10.580618,,,,,,,,,,,0,1466448.2,0,2689808.2,2834225.8,2550606.2,4450183.0,3000465.0,2527301.8,1516772.8,0,0,0,0,975792.1,1093733.6,944605.3,936556.8,914579.75,
2420,124.08822808934958,10.595849,,,,,,,,,,,1.170812E7,1.1111452E7,1.0721827E7,1.9808588E7,1.4517516E7,1.6360756E7,1.348613E7,1.1021797E7,1.2162753E7,1.4427248E7,9244584.0,1.308428E7,1.6790576E7,1.0515334E7,1.9090602E7,0,2.4125758E7,1.3041403E7,1.1864436E7,
2421,130.16065388581515,10.573946,,,,,,,,,,,4.7370668E7,5.0629196E7,4.5870376E7,5.198495E7,4.98374E7,0,5.38148E7,4.9513576E7,5.0181104E7,4.7832948E7,4.6948864E7,0,8.597482E7,0,5.8696724E7,5.786935E7,5.5179976E7,5.1606264E7,0,
2422,144.9827016635401,10.615552,,,,,,,,,,,2.3348774E7,2.4034698E7,2.1753308E7,0,2.7513856E7,2.6932902E7,2.4846396E7,2.4325232E7,2.4965424E7,2.417311E7,2.2968634E7,2.608125E7,3.175352E7,3.0784528E7,3.1385682E7,3.0255774E7,2.730627E7,2.4558172E7,2.395942E7,
2423,146.98095935632495,10.6177225,,,,,,,,,,,1.082383E7,1.0838863E7,1.0129276E7,0,1.2528479E7,1.2406037E7,1.1328003E7,1.1123893E7,1.1732279E7,1.1300569E7,1.0648722E7,1.18959E7,1.4752536E7,1.4761745E7,1.4862956E7,1.4603593E7,1.2762638E7,1.1350986E7,1.1059162E7,
2424,130.16692848689215,10.617026,,,,,,,,,,,381902.53,355085.22,380776.12,0,398579.7,375254.06,397670.84,0,415030.47,393247.2,391363.53,368448.7,0,594384.56,0,0,351343.4,473546.72,395723.4,
2425,708.518692746901,10.596406,,,,,,,,,,,8398996.0,7602830.5,8708291.0,7760074.0,7500943.0,8043501.5,7858338.0,8328240.5,8585086.0,8173549.0,8245851.0,0,1.6954092E7,1.9814756E7,1.3079426E7,1.1586954E7,8331940.5,8283329.0,8306825.5,
2426,1024.673651324292,10.620849,,,,,,,,,,,0,1517642.5,0,3272619.8,3311857.8,2305034.2,1515667.1,1602625.9,2181491.0,1873003.2,0,0,0,0,754696.1,888402.5,933372.2,841561.8,855008.8,
2427,1029.628566142764,10.620849,,,,,,,,,,,0,3879297.2,0,9316137.0,8722983.0,5986483.0,3884242.8,3634671.2,5750647.5,4802712.0,0,0,0,0,2101251.8,2314350.0,2068591.4,2457611.8,2162285.5,
2428,163.0984349537085,10.660338,,,,,,,,,,,4209070.0,3813401.8,2667110.0,4195469.0,4573296.0,3357649.2,4256109.0,0,2171501.0,3337884.2,2504104.0,0,2448782.0,0,0,3809388.8,4042521.5,2666967.2,3690522.0,
2429,769.4867546358455,10.631977,,,,,,,,,,,0,514728.88,0,3152598.0,3493546.5,1885755.2,3137085.8,2338890.8,2781480.8,1945951.1,0,0,0,0,716457.94,762084.3,834667.3,758971.9,703025.5,
2430,126.10319419434508,10.648858,,,,,,,,,,,5820004.5,4899321.0,3360677.5,0,0,4953620.0,6357240.0,3802542.2,0,4236133.5,5506756.5,0,5070875.0,4350080.5,8729466.0,5021079.0,5597040.5,4323883.0,5114847.5,
2431,153.11400090919983,10.662066,,,,,,,,,,,5710316.5,5018880.5,3475232.8,5385412.0,5599021.0,5069112.5,5293947.0,4155264.0,5037218.5,4561164.0,5669874.5,0,4274116.5,3758817.0,7445031.0,4476103.5,5207458.5,4153089.8,5602240.5,
2432,130.153047983681,10.615546,,,,,,,,,,,350793.0,335986.44,0,380881.9,347870.25,402221.2,456272.75,340715.75,402151.84,332265.3,302936.22,348996.0,705030.4,0,0,403923.78,0,384460.6,0,
2433,151.09828552960207,10.672075,,,,,,,,,,,4605881.0,4304002.0,2975387.8,4900036.0,0,3902752.8,4912490.5,4383979.5,0,4021656.5,4710990.5,0,3524543.0,3092574.8,6383493.0,4543646.5,0,4328815.5,4617071.0,
2434,477.410519430509,10.662893,,,,,,,,,,,0,1281723.1,0,2553764.0,3545290.5,2421496.2,3787122.8,2672816.0,2307074.0,2203951.8,0,0,0,0,1022568.2,1071898.6,1184405.9,962038.6,1040716.06,
2435,668.6197798834565,10.67574,,,,,,,,,,,6588087.5,6730766.5,6922637.0,7272932.0,6712418.0,7243844.5,6847046.5,6638933.0,6514537.0,6531466.5,6713145.5,6604696.0,477372.25,1.340865E7,1.111858E7,7574241.0,7479650.0,6917049.0,6511422.5,
2436,593.6002671445116,10.660334,,,,,,,,,,,0,0,3907624.0,0,2753877.0,2668843.0,0,3108996.5,0,0,3792412.2,3897693.8,2447632.2,2634389.0,0,2322464.8,2.4528424E7,2688694.0,4128033.8,
2437,226.95362767814686,10.613209,,,,,,,,,,,0,0,7540042.0,9863293.0,0,8710853.0,0,9176676.0,8910839.0,0,7265052.5,8743384.0,7506605.5,8585113.0,7874966.0,0,9812897.0,8745925.0,8852261.0,
2438,789.5126604701059,10.675241,,,,,,,,,,,0,5071363.5,0,3000249.2,3271817.8,3879913.8,1023949.6,962820.44,1708690.1,4617214.5,0,0,0,0,1661970.0,1809697.2,1958979.0,1555462.2,1455953.2,
2439,130.1519287139497,10.677477,,,,,,,,,,,373008.34,380223.12,414357.72,392718.03,364174.97,393509.34,0,362369.97,0,340656.22,331347.62,404970.25,562351.44,638660.5,406292.5,429591.38,0,357349.4,363150.6,
2440,777.5493938397693,10.685109,,,,,,,,,,,3527658.8,2784374.0,3727232.8,2597083.2,8913627.0,8875672.0,7849158.5,0,4613309.5,0,3064358.5,0,0,0,0,3440747.8,3571528.0,8804656.0,8058841.0,
2441,534.5627598714537,10.691318,,,,,,,,,,,2243696.2,684825.6,1139080.4,0,929900.44,1854890.9,981506.9,1849868.4,3788640.0,0,1481538.5,0,0,0,0,0,0,1261315.0,799213.4,
2442,615.5810356962636,10.6922035,,,,,,,,,,,2008496.0,1824695.0,1920393.4,3709773.0,1821565.5,1614123.9,2070970.1,2142785.8,2037679.0,2025157.4,2114152.8,2140840.8,1847619.6,2151637.5,1609960.2,1402779.2,1.5598879E7,1950222.9,2063095.0,
2443,1007.7214518913823,10.680815,,,,,,,,,,,2426224.2,2723369.8,1857412.1,2169617.0,2697512.5,5784261.5,2950976.5,5757831.0,3928418.2,1881698.8,4380800.5,0,0,0,0,1456649.9,1538096.4,7299289.5,4228784.5,
2444,531.4092301293953,10.698525,,,,,,,,,,,4282069.5,4100366.2,3963690.5,4326377.5,4228711.0,3891267.2,4142192.8,4257440.0,4074284.0,3944201.2,4286652.0,4071397.5,1.876567E7,9330189.0,6837720.5,4415658.0,4652227.5,4014285.8,3722259.5,
2445,1075.6702180227014,10.701765,,,,,,,,,,,0,3985471.2,0,5545038.0,6941017.0,5589485.0,2635207.5,2150671.2,3688812.0,5827558.5,0,0,0,0,1566937.0,1884688.2,1922622.8,1938368.9,1903802.0,
2446,126.1029958438501,10.719561,,,,,,,,,,,5083640.5,0,4290037.5,7593852.5,0,7460970.5,5216386.5,5743997.5,0,6469477.5,4347889.5,3772547.8,5311173.0,0,8729466.0,5402611.5,8562698.0,6764868.0,5114847.5,
2447,353.1218332898655,10.733034,,,,,,,,,,,0,0,0,4020201.8,4315537.0,0,0,4224933.5,0,0,0,3858771.0,7737172.5,7262187.5,0,4508002.5,0,4135634.5,3960926.5,
2448,459.30340703174585,10.721323,,,,,,,,,,,6625588.5,7536470.0,5527414.5,9512033.0,7764748.0,6556946.5,8336866.5,6418263.5,6418140.0,5913786.5,6200922.5,5535312.0,1.6715246E7,1.4131262E7,8573540.0,8351611.5,9018468.0,7239315.0,6880543.5,
2449,504.36070239917086,10.7234335,,,,,,,,,,,7114223.5,7030743.0,6639723.0,7855013.5,6938351.0,7212671.5,7421823.5,7667392.0,7210043.0,7298188.5,7558264.5,7446308.0,3990151.5,6300368.0,5210833.5,6144207.5,7678301.0,8313375.0,7399611.0,
2450,153.11385323065565,10.731847,,,,,,,,,,,5226287.0,5300725.0,4639257.0,6503764.0,5145322.5,3856466.2,4994852.5,5673034.0,2521245.2,5016414.5,4921297.0,4665315.5,4629956.0,4015757.8,6384286.5,5166786.5,8233431.5,5502387.5,4523848.0,
2451,149.08266985319023,10.7376795,,,,,,,,,,,2382387.0,0,2308116.0,3664742.5,2810420.5,3698018.0,2797961.5,3326317.5,2913563.0,3092659.5,2921758.2,2181407.5,2399701.0,2221005.0,0,2631526.2,2662814.0,3333115.0,2692469.8,
2452,165.11395869440764,10.735225,,,,,,,,,,,2870601.5,3181499.0,2637279.8,3859729.2,3072767.8,3266736.0,3054058.5,3320130.2,1519103.5,2775592.2,2803772.5,2683713.0,2545914.0,2237200.2,3693352.0,2749639.0,4253464.0,3209031.8,2836394.0,
2453,533.4367052027745,10.729509,,,,,,,,,,,0,1815381.1,0,3559599.5,5009169.5,3481520.0,5521720.5,3906357.2,3316843.0,2893689.2,0,0,0,0,1297560.0,1255663.8,1146794.6,1147060.0,1105725.9,
2454,573.428265473898,10.730124,,,,,,,,,,,0,1862735.9,0,3385239.8,5391043.0,3439687.5,5933791.0,4486116.0,3580067.5,3211929.8,0,0,0,0,1291354.0,1381683.2,1232895.6,1293076.2,1151231.4,
2455,163.09824708540327,10.737172,,,,,,,,,,,3713466.2,0,3440407.5,4871388.5,4017470.0,4719381.5,3771712.2,0,4394009.0,3773513.0,3542805.5,3118497.0,3227817.5,3321282.8,4856244.0,3899743.8,3919207.2,4196719.5,3636657.2,
2456,596.5070245413408,10.730742,,,,,,,,,,,0,1551202.2,0,2503408.8,5019214.5,3578119.5,4706194.0,4244506.0,3454575.5,3556909.5,0,0,0,0,539774.3,839570.25,940470.5,1141411.1,1267418.6,
2457,124.08735251653879,10.752463,,,,,,,,,,,0,2.6386658E7,2.532827E7,2.909577E7,0,1.9200288E7,2.0376206E7,2.1209122E7,1.0740018E7,1.9049788E7,1.5431342E7,0,1.8867576E7,1.8480216E7,2.5753162E7,0,3.499168E7,2.2548856E7,1.3009649E7,
2458,269.20185694157294,10.732711,,,,,,,,,,,2214785.2,2392177.2,2119284.2,2489892.8,2465012.8,2197779.0,2332784.8,2035963.9,2131428.5,2156500.0,2017100.5,2145418.5,5843196.5,4806376.0,4629726.5,2597233.2,2525785.0,2133597.2,2275964.5,
2459,672.5230654110455,10.734445,,,,,,,,,,,0,1828427.0,0,3877184.2,3422039.0,3922249.0,3601332.0,3297012.8,3227020.0,3113241.0,0,0,0,0,1077929.9,1300127.2,1383880.9,1461710.6,1760175.5,
2460,649.4441470916483,10.733209,,,,,,,,,,,0,6209243.5,0,1.460862E7,1.192053E7,1.2346968E7,1.2239459E7,1.044603E7,9706230.0,8481583.0,0,0,0,0,3668111.8,3959016.0,3738515.8,3873720.5,4098829.5,
2461,192.12478779050252,10.731458,,,,,,,,,,,1769324.2,1834036.1,1189949.0,2002542.1,1918434.2,1661210.4,1605955.6,1834286.6,884577.4,2893837.5,1713217.6,1767466.1,1588950.8,1320076.4,1880774.6,1690373.6,1933657.6,1790786.2,1455052.2,
2462,138.1029241865433,10.744082,,,,,,,,,,,2955882.8,3403303.5,2807856.2,4153254.0,3156992.5,4552591.5,2910505.8,3438760.8,1563127.2,3019086.2,2948685.8,2606240.5,2592106.0,2575707.2,4080271.5,3085582.8,5133358.0,3586392.2,2880092.2,
2463,565.5676258895099,10.733894,,,,,,,,,,,4956356.5,0,5083840.5,5523141.5,5390485.0,5083823.5,5231560.0,4969272.5,5099635.5,4893201.0,0,5279377.5,1.1770413E7,1.0194544E7,1.0069919E7,6463554.0,5830844.5,4885815.5,4875916.5,
2464,151.09818778062242,10.741219,,,,,,,,,,,4251041.5,5088299.5,4524964.5,5866595.0,4905089.0,4584472.5,4252343.5,4728634.0,0,4552414.5,4431175.0,4301933.5,4248198.5,3765037.2,5501496.0,4909746.0,4868352.5,5053400.0,3973105.5,
2465,668.6196527986398,10.685805,,,,,,,,,,,6519309.5,6981544.0,7371296.0,7470346.0,6642982.5,7403661.0,6795471.0,6628978.0,6616005.0,6561322.5,6821051.5,6667208.0,1.310225E7,1.2934731E7,1.0934624E7,7551551.0,7771113.5,7031351.0,6954191.5,
2466,136.0873017997975,10.765045,,,,,,,,,,,2681969.2,3518770.5,2703215.2,4061599.5,3192596.0,4190915.2,2927806.8,0,3165624.2,2885976.8,3340939.8,3582091.0,2596331.8,2622545.8,3787284.0,2886991.2,3440344.2,3400223.2,2681855.5,
2467,130.16698616004487,10.789576,,,,,,,,,,,440361.62,396765.94,390956.03,448470.72,0,457215.22,448376.56,435994.16,421548.28,381765.97,378300.16,448981.84,0,672590.4,459392.16,434217.1,476426.75,0,355753.97,
2468,146.98073176297524,10.780783,,,,,,,,,,,1.1730926E7,1.0436996E7,1.1854478E7,1.1913802E7,1.2575258E7,1.1566266E7,1.2412419E7,1.1445521E7,1.1503962E7,1.0891475E7,1.0176287E7,1.1606102E7,1.6064458E7,1.4599121E7,1.3876985E7,1.2704153E7,1.2995015E7,1.1287193E7,1.0029129E7,
2469,415.04337224654,10.787501,,,,,,,,,,,4628510.0,4483405.5,4327791.0,4318153.5,4450262.5,4652024.0,4549223.0,4346636.5,4679516.5,4214569.5,3771107.5,4545692.5,8489356.0,8263688.5,5037860.0,4746126.5,4553688.0,4430789.5,4269633.0,
2470,153.11377070136902,10.7949915,,,,,,,,,,,5710316.5,6115975.0,3747606.5,6484266.5,0,5307914.5,0,6246564.5,7643072.0,6064983.5,5474278.0,5653115.5,0,8524492.0,0,0,8233431.5,6370972.5,5471711.0,
2471,130.1670558272713,10.800191,,,,,,,,,,,440361.62,0,404509.7,463513.8,0,457215.22,389981.6,435994.16,421548.28,379230.2,378300.16,448981.84,0,672590.4,459392.16,452483.47,476426.75,0,345797.22,
2472,126.10296658033697,10.796009,,,,,,,,,,,4374240.5,5193223.0,3478817.8,7107675.5,5139780.5,5615069.5,5365778.0,4729019.5,5461989.5,5188199.5,4707382.0,5309389.0,4987778.0,4769741.0,7220730.5,0,7228329.0,6006417.5,4058802.5,
2473,144.98255461347512,10.797295,,,,,,,,,,,2.581612E7,2.2823472E7,2.5184954E7,2.5735856E7,2.8494308E7,2.4498458E7,2.7021316E7,2.3280562E7,2.5644308E7,2.471276E7,2.2342472E7,2.4905182E7,3.3859644E7,3.2026454E7,2.992326E7,0,2.8632398E7,2.4996322E7,2.1460222E7,
2474,736.5459857834079,10.792787,,,,,,,,,,,0,0,0,0,0,0,0,1018678.0,0,0,0,0,7752334.5,7128049.5,0,0,0,0,0,
2475,559.5182531806264,10.794423,,,,,,,,,,,0,4454403.5,4910273.5,0,4551604.0,0,3682079.5,4716544.5,4164855.5,0,0,4283795.0,1.0103075E7,9569568.0,5423673.5,6273021.0,5384934.5,4481536.5,0,
2476,568.4267568227752,10.811431,,,,,,,,,,,0,4782546.0,0,6283825.0,6711443.5,5312530.0,4691917.5,4155545.8,4687580.5,4918609.0,0,0,0,0,1634465.0,2127636.8,2237067.0,2147264.0,1843689.1,
2477,163.09811350877243,10.84387,,,,,,,,,,,4242543.5,4754644.5,4585931.5,7976985.5,6942674.5,0,5239531.0,4530317.0,6103155.5,4058540.0,4737535.0,3713247.0,0,6370604.5,0,5765904.5,6635378.0,5071313.0,0,
2478,600.4325303816953,10.80942,,,,,,,,,,,4094864.5,4763715.0,4043968.0,4089487.8,3939935.2,4252976.5,4091088.8,4061514.0,4152520.5,3884085.2,3989076.0,4092738.2,6684305.0,7287415.0,6556793.0,4675473.0,4642229.5,4039060.8,3839587.5,
2479,758.2229919321965,10.854883,,,,,,,,,,,4433346.5,4208901.0,4004549.0,3293715.5,3683828.2,4085390.2,4484372.5,4151824.2,4474455.5,3850024.2,3664552.8,4125524.0,3875995.8,2714102.2,2182288.0,1690791.5,2112152.2,3942878.5,3836774.5,
2480,321.3155213213862,10.813603,,,,,,,,,,,8966403.0,8873774.0,1.0216037E7,9476913.0,1.1193908E7,1.2042823E7,1.1485503E7,1.1620371E7,1.2190622E7,1.0444703E7,7079499.0,1.0020284E7,1.5822963E7,1.6634026E7,1.6932398E7,1.2675294E7,1.3211945E7,1.0328376E7,9912220.0,
2481,675.6767570723365,10.814021,,,,,,,,,,,3254864.8,3484035.5,3520845.5,4091269.0,3041185.2,3794307.8,4572710.5,4147266.0,3679813.8,3210646.5,3249110.5,2832610.8,5775319.0,5963184.5,8069518.0,4157123.8,3408236.2,3902806.5,3448237.0,
2482,338.34189060673407,10.813603,,,,,,,,,,,2.4181933E8,2.3334189E8,2.682037E8,2.4820733E8,2.7884374E8,3.1375818E8,3.1454995E8,2.9085802E8,3.1779258E8,2.6616504E8,1.8639666E8,2.6262778E8,4.1622838E8,4.0965475E8,4.4100362E8,3.3035632E8,3.3225965E8,2.675866E8,2.5404462E8,
2483,360.32388790069336,10.818219,,,,,,,,,,,3340411.8,3534219.0,4229960.0,3785200.2,3071600.5,3959793.5,4848965.0,4561191.5,215367.38,3180279.2,3476920.8,3140970.8,5386431.0,5467463.5,7819734.0,3910615.5,3399151.0,3951112.2,3626583.0,
2484,559.5177917142894,10.808585,,,,,,,,,,,4659070.0,4560372.0,4910273.5,4712557.5,4551604.0,5027035.0,4908138.5,4716544.5,5143814.0,4489168.5,4368611.0,4388303.5,1.0103075E7,9472327.0,6156943.0,6273021.0,5477493.5,4481536.5,4074270.2,
2485,360.3239598412261,10.812767,,,,,,,,,,,3433531.5,3788386.2,4777815.0,3975738.2,3447018.2,4218132.5,5986067.0,5008190.5,3346417.5,3088106.8,3782374.5,3926011.2,5944413.5,5312641.5,8961820.0,4477071.0,4104999.8,4131181.2,4303905.0,
2486,130.15183640326381,10.832361,,,,,,,,,,,382784.34,426136.7,409209.75,395745.78,413903.66,0,457509.4,391269.7,370861.38,434164.12,352289.5,414424.97,607852.9,641930.44,0,0,433957.6,434784.9,422384.34,
2487,321.3156001477181,10.8136015,,,,,,,,,,,8968524.0,8970670.0,9932606.0,9740561.0,1.1272488E7,1.2374295E7,1.2369262E7,1.2596972E7,1.3089783E7,1.1760992E7,7190336.5,9746167.0,1.5578626E7,1.6364759E7,1.727671E7,1.3514208E7,1.3191043E7,1.045382E7,9659974.0,
2488,553.3920495629059,10.836117,,,,,,,,,,,3743305.2,3774525.2,3482358.8,3827106.2,3623176.5,3710582.2,3504815.8,3920849.8,3619011.2,3602672.2,0,3498540.2,1.7618866E7,8685305.0,6586068.5,4093231.8,4335734.5,3443752.2,3226641.0,
2489,702.2142774850928,10.873731,,,,,,,,,,,271406.03,236261.84,9589597.0,1.4247318E7,223559.55,206081.78,196466.14,1.629257E7,1.3475494E7,9940203.0,1.0791195E7,9611218.0,411549.38,2.9353538E7,2.0345914E7,300003.62,273757.88,1.3536426E7,1.137814E7,
2490,126.10286990835199,10.859988,,,,,,,,,,,5160747.5,6433821.0,5696449.5,1.2348003E7,5365238.0,7460970.5,7354082.5,0,7400462.5,0,4707382.0,5702184.5,7184218.5,1.1498786E7,0,0,6285168.5,4276425.0,4151300.5,
2491,531.4091610037018,10.852117,,,,,,,,,,,0,0,3081419.5,0,4188647.2,4165986.0,0,4101767.2,0,0,0,3077048.8,1.876567E7,7418884.5,0,3476436.0,3539540.0,3173787.0,0,
2492,585.451623547142,10.857418,,,,,,,,,,,0,4690138.0,0,2.6263562E7,1.209337E7,1.221095E7,1.1477887E7,1.3507864E7,1.4892146E7,5568380.5,0,0,0,0,3631907.0,3563735.0,4170992.8,4043795.8,3436476.5,
2493,124.08732974103847,10.874825,,,,,,,,,,,0,2.9346102E7,2.532827E7,0,2.2529892E7,2.3917284E7,2.8656376E7,2.0072466E7,2.079593E7,1.7373216E7,2.6845798E7,2.313507E7,2.7832194E7,2.9487616E7,3.2375438E7,2.9136872E7,2.9342422E7,2.1647898E7,1.6272775E7,
2494,764.5309665840579,10.857418,,,,,,,,,,,0,9671701.0,0,5.4753156E7,2.4563228E7,2.5019766E7,2.3978382E7,2.9519974E7,3.2267394E7,1.129622E7,0,0,0,0,8148232.0,8117136.0,8909793.0,8255472.5,7686510.0,
2495,335.25844725567254,10.858028,,,,,,,,,,,0,1842822.6,0,7475680.0,4905691.0,4335040.5,3963672.8,4347260.5,4836311.0,2564303.8,0,0,0,0,1339653.0,1274363.2,1416961.6,1417045.2,1154491.8,
2496,769.4863808939593,10.857744,,,,,,,,,,,0,3.713115E7,310702.1,1.702458E8,9.331426E7,8.66983E7,8.602695E7,9.985302E7,1.06269864E8,4.4084332E7,0,0,0,0,2.4683308E7,2.7818426E7,3.230995E7,3.0692348E7,2.5334112E7,
2497,785.4601884884034,10.858028,,,,,,,,,,,0,5018413.5,0,2.0751206E7,1.1871693E7,1.082803E7,1.1289915E7,1.1919449E7,1.3453618E7,5589647.5,0,0,0,0,3947423.2,3812692.2,4531056.5,3933554.2,3234357.2,
2498,792.560852377079,10.858028,,,,,,,,,,,0,1493286.8,0,1.0133507E7,5030654.5,4837851.0,4245099.0,6425895.0,7233910.5,2428162.8,0,0,0,0,580589.9,854392.94,994661.25,1403135.6,1290694.8,
2499,954.6152641542174,10.861704,,,,,,,,,,,0,1.0575773E7,0,3.5393372E7,2.7645544E7,2.3276866E7,2.2592738E7,1.933655E7,2.428756E7,1.5333148E7,0,0,0,0,6986545.5,7129752.0,7507032.5,7284307.5,6548865.5,
2500,613.4829559440726,10.86232,,,,,,,,,,,0,2656755.5,0,8088264.5,6479497.5,5826046.0,4929454.0,4543573.5,5905672.5,4101982.5,0,0,0,0,1785243.8,1712353.9,1976093.8,1925633.9,1388266.8,
2501,959.5707705869089,10.862318,,,,,,,,,,,0,1.7875078E7,0,4.7731692E7,4.549776E7,3.548303E7,3.508259E7,2.8821424E7,3.7756716E7,2.5397466E7,0,0,0,0,1.0781218E7,1.1315804E7,1.2797282E7,1.1960828E7,1.0268374E7,
2502,163.0981014413358,10.864574,,,,,,,,,,,0,4183464.0,3293984.0,5521141.0,4407281.5,3997521.0,4916883.0,4650403.0,4800614.5,4197671.0,4737535.0,4601711.5,3355080.8,4857764.0,5368257.0,5089702.5,5160883.5,5071313.0,3706663.0,
2503,565.567100187224,10.858603,,,,,,,,,,,5037001.0,5766209.0,4935286.0,6583824.5,5477458.0,5745798.5,5745509.5,5264746.5,5974242.0,4756458.5,5030362.5,4771000.0,1.1770413E7,1.0437202E7,1.0069919E7,6268139.5,5859230.0,5213767.0,4629462.5,
2504,153.113732384369,10.871203,,,,,,,,,,,4464240.0,4745699.5,4894991.5,7220441.5,4969294.5,5426528.5,6346007.0,5047683.5,5588183.0,5063247.5,4640082.5,5629559.5,4233024.5,6279519.5,5555553.0,5092663.5,6276831.5,5114523.0,4667957.5,
2505,138.1028493249096,10.872448,,,,,,,,,,,2780564.8,3253501.5,3492788.8,4927095.5,3350292.2,3614264.0,4199617.0,3487583.8,3484072.8,3301382.2,3444203.2,3621497.0,2720255.5,4206689.5,4158843.5,3848758.8,3973923.8,3425553.2,0,
2506,151.09804938200637,10.871554,,,,,,,,,,,3992844.8,4828391.5,4295492.5,6091391.0,4727735.0,4493253.0,5672956.5,5041547.5,4420798.0,4316891.0,4310739.0,4825756.5,4045548.5,5526033.5,5134384.0,4979396.5,4787234.5,4090001.2,4161554.0,
2507,789.5125983514166,10.888137,,,,,,,,,,,0,6370763.0,0,3520944.8,3104787.2,3781918.2,533541.56,650130.8,1130335.5,2503983.0,0,0,0,0,1244246.8,1452056.1,1436396.0,1155720.5,1244051.2,
2508,504.51462590578774,10.894545,,,,,,,,,,,3720396.2,5243108.5,3600145.2,1697842.2,5729151.5,4392499.0,2329881.5,1590153.9,699040.8,3333565.5,3976577.8,1416201.8,0,0,0,167623.16,1447836.0,3942608.8,810831.56,
2509,702.2141017097691,10.8951645,,,,,,,,,,,1.036281E7,1.6264152E7,8874129.0,1.3296744E7,1.3211608E7,1.1498454E7,1.3291859E7,1.5354489E7,1.3152489E7,9487847.0,9521039.0,9192779.0,787757.25,623941.2,1.858809E7,1.7875792E7,1.5981377E7,1.2703825E7,1.1036717E7,
2510,130.15170239537926,10.885116,,,,,,,,,,,412861.34,426136.7,0,452559.44,413903.66,0,0,367104.84,435297.34,372885.25,378701.38,390479.16,608744.7,641930.44,0,448630.6,369056.38,383887.78,422384.34,
2511,355.07027878151234,10.901021,,,,,,,,,,,2113854.0,3150265.0,1938499.5,2727098.5,2884015.2,2524502.2,2611015.2,3191120.5,2610755.0,1969928.6,1933042.8,2056005.6,6663578.0,6251705.5,3786461.2,3630724.5,3160952.2,2830554.8,2270128.2,
2512,415.04329094483,10.907677,,,,,,,,,,,4088301.2,4483405.5,3878248.5,4371570.0,4879480.0,4565858.0,4460625.0,4406084.5,4515052.0,4425128.5,4077245.8,4545692.5,7792636.5,8263688.5,5000535.5,4881878.0,4553688.0,4597620.0,4320915.0,
2513,355.0703995645597,10.894757,,,,,,,,,,,2305780.2,3457814.2,2016030.2,2781084.2,2666298.2,2931833.0,2764251.2,3077416.8,2626799.2,2064514.8,2180347.0,2115385.2,824787.4,5685617.5,4080442.8,3696996.8,3279125.8,2471506.0,2366316.0,
2514,130.16700994466322,10.894327,,,,,,,,,,,407416.78,401822.0,0,417261.78,405242.88,408751.3,0,383974.94,382637.84,418937.06,362260.0,406573.25,0,678821.0,450811.56,471039.94,426322.53,464379.47,0,
2515,568.4269030039331,10.904149,,,,,,,,,,,0,4884540.0,0,5897121.0,6751580.0,6043867.5,4861155.5,3741059.0,3756481.8,3423664.8,0,0,0,0,2668122.2,3344563.2,2887768.5,2952305.2,2953294.2,
2516,126.10285977987132,10.91866,,,,,,,,,,,6018476.0,6068758.0,5046962.0,8617963.0,5707483.5,5699580.0,6808771.0,5215884.5,4781583.5,5075861.5,4354905.0,5317146.5,6462392.0,8046064.5,6855545.0,6011739.5,7409561.0,5937342.5,4151300.5,
2517,146.98056987058965,10.912327,,,,,,,,,,,1.110663E7,1.0970817E7,8820717.0,1.1863629E7,1.1633998E7,1.1402801E7,1.209852E7,1.1300775E7,1.1503962E7,1.1393903E7,1.0696545E7,1.120614E7,1.2801838E7,1.4599121E7,0,1.3755923E7,1.2438304E7,1.1233589E7,1.1281409E7,
2518,615.4552020825769,10.926344,,,,,,,,,,,2473050.0,3666381.0,2603628.8,4244250.5,3428291.0,2915146.0,3615543.0,3174314.8,2901219.8,2926754.2,1702591.4,1587062.6,0,2240843.8,2919323.8,3009814.0,2922717.5,2529564.5,2701508.5,
2519,685.4677277795485,10.929352,,,,,,,,,,,0,0,0,0,0,5250209.5,0,4567168.5,5669501.0,2345820.2,0,0,0,0,1624023.8,0,0,1568271.0,0,
2520,124.08717944466433,10.982978,,,,,,,,,,,0,3.5859068E7,0,4.454571E7,0,0,5.7087052E7,2.1804624E7,0,2.8337064E7,2.6845798E7,0,0,2.7954446E7,3.8751668E7,0,5.013279E7,2.7204308E7,2.51472E7,
2521,151.09795347540154,10.93423,,,,,,,,,,,5547170.5,5198487.5,4511958.0,8751023.0,0,5153893.0,6818715.5,5026284.0,4726268.5,4252963.0,0,4538486.0,5183762.0,7506089.0,0,5747741.0,5783234.5,5265404.5,0,
2522,702.2117171643815,10.936082,,,,,,,,,,,0,2015560.4,0,1093586.6,1169132.8,485138.47,2467404.0,0,627121.56,0,620639.7,433210.2,3.7882796E7,0,0,0,670216.1,0,689908.7,
2523,149.0823439659925,10.969636,,,,,,,,,,,4314715.0,4626185.0,4029359.5,0,3829869.8,0,0,3880768.5,3683263.0,0,0,4437457.5,3255119.0,0,4889814.5,4265895.5,4241296.5,5133988.0,5337032.5,
2524,153.11362853159727,10.938801,,,,,,,,,,,5410034.5,5244138.5,5757581.0,1.0305503E7,5140903.0,5998851.0,6878775.0,0,5009872.0,5284536.0,0,5386633.0,5225233.0,8524492.0,8092156.5,0,6616871.0,5424701.0,0,
2525,136.08709830467362,10.9568405,,,,,,,,,,,3828158.5,3778268.2,3338953.0,6079597.5,4335966.5,3608556.8,4330273.5,3385456.8,3465678.0,0,2913370.0,3586346.5,3785348.2,0,4689784.5,4170210.0,4721008.0,3293040.5,0,
2526,124.08710020884297,11.001174,,,,,,,,,,,0,3.5859068E7,0,4.454571E7,3.2467678E7,2.5942484E7,5.7087052E7,2.6086372E7,2.4667998E7,2.8337064E7,2.6845798E7,0,2.8500656E7,0,4.351384E7,0,5.013279E7,0,3.39649E7,
2527,793.5270698287273,11.006716,,,,,,,,,,,1.1613754E7,8010668.5,1.0973994E7,1.0350093E7,0,0,1.0086627E7,1.0686625E7,0,9225891.0,0,0,680163.9,0,5186273.0,1.3186092E7,1.2485815E7,0,0,
2528,163.0979466735522,10.966824,,,,,,,,,,,0,4788822.5,0,0,6317501.0,5324738.5,5672289.5,6048794.5,5414500.0,4445180.5,6758135.0,5541243.0,4497534.0,0,0,5765904.5,6598030.0,8093104.5,0,
2529,758.2226533212028,10.969125,,,,,,,,,,,5127145.5,3669003.0,4790446.0,3240939.5,3147891.2,3387610.8,4138266.0,4992635.5,5190739.5,4468502.0,3832518.5,3804937.0,0,3085854.8,2592909.0,2268563.0,3283202.5,4112433.8,4259546.0,
2530,163.09803953468213,10.987839,,,,,,,,,,,0,7833625.0,0,0,8127094.0,0,0,6048794.5,5821688.5,0,6758135.0,0,0,0,5584726.5,0,6598030.0,4128514.0,0,
2531,1073.6357722894886,10.990309,,,,,,,,,,,0,5235193.0,0,7254986.5,6961158.5,8189029.5,2246153.0,2747574.8,4641439.0,6049368.0,0,0,0,0,2409097.5,2302334.5,1806765.9,941478.2,1793909.8,
2532,153.11368691516003,11.006475,,,,,,,,,,,0,0,4830510.5,0,0,0,5564143.5,0,5764901.5,5284536.0,5163730.5,5713550.0,0,4665436.0,8092156.5,0,6002006.0,5586763.5,0,
2533,1057.6599518372864,10.993353,,,,,,,,,,,0,3.8841804E7,0,6.3326172E7,5.784914E7,6.1264372E7,2.062271E7,2.2800538E7,3.876558E7,5.424864E7,0,0,0,0,1.5259025E7,2.030225E7,1.7678068E7,1.9444708E7,1.4727621E7,
2534,613.4114582359393,10.993959,,,,,,,,,,,0,7861725.5,0,1.0492899E7,9508887.0,8547258.0,4200674.5,3786953.0,5723109.5,7553019.5,0,0,0,0,2523735.5,3240463.0,3436781.2,2986020.8,2649199.2,
2535,1052.704720432143,10.993959,,,,,,,,,,,0,1.824512E7,0,2.5740044E7,2.2654536E7,2.0711416E7,1.0015458E7,8420423.0,1.5161244E7,2.120958E7,0,0,0,0,4828914.0,8450111.0,8813501.0,6968043.0,7100637.5,
2536,663.4537511361307,11.010817,,,,,,,,,,,6.093871E8,7.318372E8,6.2405203E8,7.06662E8,6.760522E8,6.8851315E8,7.046872E8,6.169545E8,6.592513E8,5.6712525E8,5.840251E8,6.0878406E8,0,4.56328E7,2.5545728E7,7.781519E8,7.2175885E8,6.261982E8,6.641278E8,
2537,1371.9627848016767,11.01851,,,,,,,,,,,3.0713174E7,2.3456356E7,3.302079E7,2.1623388E7,2.2989966E7,2.5657434E7,2.384661E7,3.183924E7,3.1824158E7,2.867255E7,3.409796E7,3.0731554E7,0,0,0,2.780851E7,2.2526E7,3.1231824E7,3.3243536E7,
2538,793.5275446159972,11.013767,,,,,,,,,,,1.1613754E7,0,1.0973994E7,8197189.5,0,9430753.0,1.0086627E7,1.0686625E7,0,9225891.0,9673329.0,0,0,0,5186273.0,1.3182535E7,1.2485815E7,0,0,
2539,151.0980195790334,11.000722,,,,,,,,,,,5809547.5,5424696.0,4511958.0,0,0,5153893.0,5268468.5,5026284.0,5542982.5,4252963.0,4720056.5,5732460.5,0,4633584.0,6943688.5,0,5097198.0,4516830.0,0,
2540,1326.9039145557122,11.019241,,,,,,,,,,,6325746.5,8808255.0,7035726.5,8437967.0,7941344.0,8979026.0,7665117.0,7390201.5,7649678.0,7073463.5,6036300.5,7519371.0,0,0,1.2385648E7,1.1219152E7,8702069.0,8482224.0,7161347.5,
2541,607.3913389158818,11.019613,,,,,,,,,,,7.241767E7,8.54751E7,7.824771E7,7.938114E7,7.957962E7,7.8153224E7,8.299407E7,7.426163E7,7.73735E7,6.753306E7,6.6636468E7,7.4622344E7,0,4194824.5,9.3833624E7,8.804293E7,7.863157E7,7.5010536E7,8.5950056E7,
2542,559.3970875481456,11.007323,,,,,,,,,,,0,5779312.5,0,3714930.5,6175456.5,7398360.5,3118621.0,2097100.8,2939871.8,6356732.5,0,0,0,0,3288641.2,2224120.2,2219692.5,1810312.5,1766581.8,
2543,1000.7885691004054,11.003399,,,,,,,,,,,4369799.0,5603455.5,4120593.2,5760684.0,5556462.0,4884439.0,5897622.5,4267058.5,4177898.2,4576917.5,4029356.5,4080796.0,0,1130334.8,5994553.5,5604958.0,5718126.0,4485721.0,4344359.5,
2544,726.462987565352,11.017024,,,,,,,,,,,1.3986889E7,1.4379041E7,1.2718145E7,1.4885197E7,1.2994444E7,1.3602046E7,1.4723878E7,1.3242155E7,1.2624775E7,1.1625607E7,1.1489539E7,1.262789E7,0,379121.78,1.8904868E7,1.809808E7,1.691484E7,1.3486327E7,1.3009329E7,
2545,1343.9311474180402,11.021096,,,,,,,,,,,4.4458908E7,5.8249136E7,4.810055E7,5.8867972E7,5.3799424E7,5.0972896E7,5.4592256E7,5.1415416E7,5.1686284E7,4.675189E7,4.43482E7,4.502034E7,0,0,9.131248E7,6.881459E7,5.2997544E7,5.017844E7,4.9236496E7,
2546,1342.927572216957,11.023294,,,,,,,,,,,4.8423412E7,6.1360896E7,5.1286016E7,6.204363E7,5.8066948E7,5.447158E7,5.891202E7,4.926088E7,5.5551544E7,4.879468E7,4.353469E7,4.467982E7,271075.66,0,9.849752E7,7.381842E7,5.854625E7,5.267004E7,4.836234E7,
2547,551.3287274488436,11.016546,,,,,,,,,,,2.3960904E7,3.0248384E7,2.6920426E7,2.733164E7,2.6738868E7,2.7147824E7,2.8297554E7,2.5551324E7,2.7107378E7,2.4314522E7,2.3264052E7,2.5120852E7,0,1375356.5,3.241765E7,3.076801E7,2.715143E7,2.4679342E7,2.6068032E7,
2548,685.4360542360764,11.017422,,,,,,,,,,,7.608289E7,7.330527E7,7.271538E7,7.3694E7,6.793276E7,7.4852776E7,7.938946E7,6.961313E7,7.093231E7,6.474748E7,6.795945E7,7.128179E7,0,6504302.0,8.863986E7,9.1195704E7,9.0783E7,7.198516E7,7.0301E7,
2549,736.5433412607257,11.022024,,,,,,,,,,,5.4183776E7,5.5676564E7,5.166053E7,5.4703256E7,5.5742196E7,5.8660596E7,5.660666E7,5.374912E7,6.084419E7,5.108011E7,4.9545564E7,5.512859E7,0,0,7.5984056E7,6.2570108E7,5.9221416E7,5.620676E7,5.2451264E7,
2550,1347.8827967373345,11.02156,,,,,,,,,,,3.1851808E7,2.9302358E7,2.9517328E7,2.9014856E7,2.5446876E7,3.2711642E7,3.2540264E7,2.9984354E7,3.244909E7,2.830515E7,2.6302214E7,3.0992202E7,0,0,5.2363292E7,4.496873E7,3.444072E7,3.1363468E7,2.9396712E7,
2551,708.511315575281,11.016973,,,,,,,,,,,4.420017E8,4.1868816E8,4.6569952E8,3.8031328E8,4.2416522E8,4.496726E8,4.094736E8,4.4360234E8,4.9157398E8,4.4470054E8,4.620149E8,4.8524346E8,0,1.9924736E7,3.7481827E8,3.9736848E8,3.991955E8,4.3053488E8,4.833995E8,
2552,701.4098896411838,11.027177,,,,,,,,,,,2.070389E7,2.1644006E7,2.0880082E7,2.0538904E7,2.0313708E7,2.1463012E7,2.2988962E7,2.166169E7,2.146382E7,1.801294E7,1.877759E7,2.0398428E7,0,1621040.6,3.2223474E7,2.9682798E7,2.867943E7,2.25908E7,1.9387202E7,
2553,680.4807605249458,11.0196085,,,,,,,,,,,5.675708E7,7.339173E7,6.26174E7,7.617928E7,7.236024E7,6.979523E7,7.256505E7,5.4220148E7,5.961801E7,5.9369164E7,5.6193484E7,5.6445764E7,0,4702463.5,9.161945E7,8.402475E7,6.784226E7,6.0008292E7,5.7279348E7,
2554,1370.9593043210184,11.02388,,,,,,,,,,,3.0235956E7,2.3522346E7,3.3126286E7,2.2774876E7,2.5007404E7,2.7030138E7,2.4618298E7,2.9247698E7,3.2108484E7,2.8603926E7,3.054675E7,3.2091546E7,0,0,3.2346434E7,2.723915E7,2.2268172E7,2.942553E7,3.3778108E7,
2555,1325.9012836100108,11.0234165,,,,,,,,,,,7036708.0,9086556.0,7762144.0,8708625.0,7839237.0,8882733.0,8688457.0,7583404.5,8702967.0,6780915.5,6443526.5,6546653.5,0,0,1.4031675E7,1.1547033E7,8952592.0,8462674.0,6764806.5,
2556,792.6062132057127,11.015232,,,,,,,,,,,1.4673967E7,1.4200788E7,1.3136635E7,1.2874033E7,1.3434559E7,1.4594671E7,1.3609252E7,1.3465959E7,1.4028896E7,1.2993743E7,1.2564706E7,1.3197267E7,0,2303519.5,1.620521E7,1.648176E7,1.4433648E7,1.3349741E7,1.2465189E7,
2557,439.2036034157113,11.020926,,,,,,,,,,,6119650.0,6689932.5,6036792.0,6056339.0,6558463.0,6551291.0,6316944.5,5555288.5,6160703.5,5858490.0,5586870.5,6175259.0,0,325670.88,7721985.5,7001988.0,6155761.0,6150552.5,5768876.5,
2558,495.26643053815906,11.021562,,,,,,,,,,,1.6293962E7,1.923484E7,1.7079882E7,1.7082712E7,1.7596522E7,1.8441132E7,1.8453906E7,1.677396E7,1.8324772E7,1.565403E7,1.569847E7,1.6263356E7,0,0,2.0162776E7,1.8533032E7,1.6798714E7,1.6081025E7,1.7829954E7,
2559,694.4954609931135,11.0213785,,,,,,,,,,,7633070.5,5539529.0,5660823.0,5771844.5,5885930.0,6228587.0,5676226.5,5162721.0,5570519.0,5180323.0,5462655.0,5369033.0,0,666022.3,7269333.5,9097975.0,7813149.0,6429721.0,5903517.5,
2560,144.98225913613265,11.038387,,,,,,,,,,,2.336929E7,2.282892E7,2.4951578E7,2.5274594E7,2.582753E7,2.4476912E7,2.2657846E7,2.6474432E7,2.595864E7,2.4457164E7,0,2.3770382E7,3.3058582E7,3.1967064E7,2.9588474E7,3.0044122E7,2.5030658E7,2.507867E7,2.5271086E7,
2561,793.527635844199,11.037515,,,,,,,,,,,9859717.0,0,8707664.0,0,7921591.0,0,1.0046859E7,9839163.0,7931768.0,8505108.0,0,9440981.0,0,0,1.3480619E7,4690874.5,1.191032E7,1.0711394E7,8631847.0,
2562,126.1028056309998,11.0293665,,,,,,,,,,,0,0,5689535.0,0,0,0,7015399.5,5476630.0,0,5433723.5,4903841.0,0,9522849.0,5324143.5,8511031.0,6837147.0,7986406.0,5947985.5,4238983.5,
2563,1371.9627915840188,11.022489,,,,,,,,,,,2.8836804E7,2.3456356E7,3.302079E7,2.252035E7,2.2937428E7,2.4979822E7,2.384661E7,2.8591418E7,3.0620842E7,2.867255E7,3.409796E7,3.0731554E7,0,0,3.1102594E7,2.780851E7,2.2526E7,3.1231824E7,3.1972864E7,
2564,163.09805242534173,11.054353,,,,,,,,,,,0,7833625.0,4857981.5,0,5622135.0,0,0,3988440.2,0,0,5948505.0,5859133.0,0,4245808.5,5478883.5,0,5745457.0,7278380.0,5456407.0,
2565,140.08193996976416,11.050909,,,,,,,,,,,3316926.0,2912973.8,3076088.5,3352793.8,0,0,3400535.5,2419872.5,3114783.8,2760055.8,3615696.2,3386135.8,2863584.2,0,2964999.0,2761009.0,3493462.8,4165067.8,3501138.2,
2566,607.4681665922856,11.051653,,,,,,,,,,,0,2561038.5,0,3930946.8,7991004.0,4768839.5,6917413.0,4086541.5,3831346.8,5019791.0,0,0,0,0,1594375.5,1250842.2,1480443.8,1621756.5,1755508.5,
2567,146.98051568803567,11.056108,,,,,,,,,,,1.0479073E7,1.1013476E7,1.1123471E7,1.1655347E7,1.1633998E7,1.1088758E7,1.0808052E7,1.0901737E7,1.1583723E7,1.1460265E7,1.0696545E7,1.117445E7,0,1.4451227E7,1.3210748E7,1.3084699E7,1.1311642E7,1.1654557E7,1.1281409E7,
2568,124.08720147404878,11.064903,,,,,,,,,,,0,0,0,4.454571E7,3.2467678E7,0,4.7909948E7,2.8964392E7,3.1733368E7,2.8337064E7,3.560666E7,3.503343E7,0,2.5061874E7,4.351384E7,5.195927E7,5.013279E7,3.9388904E7,4.3834984E7,
2569,153.1136027131919,11.084297,,,,,,,,,,,5299975.0,5772471.5,4515403.5,6002490.5,6662051.0,5540945.0,5213036.0,4000980.0,4954549.0,4818426.0,4804747.5,0,5811261.0,6904767.5,7443134.5,0,6079076.5,4992042.0,4133531.5,
2570,124.08718256277427,11.076407,,,,,,,,,,,0,3.7706028E7,0,3.662586E7,3.2467678E7,3.033248E7,4.115526E7,2.6408664E7,2.6442512E7,2.5694476E7,3.0095164E7,2.702102E7,3.3485042E7,3.9561276E7,3.835915E7,4.5097704E7,4.419759E7,3.3835828E7,3.4085988E7,
2571,126.10281262539031,11.083737,,,,,,,,,,,0,6050146.0,4782618.0,6264207.0,0,6061032.5,6292041.5,4302318.0,5189192.0,4981881.5,5735346.0,4786740.0,7563119.0,7839857.5,8617352.0,5599025.5,7032360.5,5007223.0,4948870.0,
2572,694.4953864307021,11.029837,,,,,,,,,,,7750644.5,6232107.0,6639529.5,5879322.5,6171489.0,7103398.5,5539220.0,5605578.5,7145593.5,5496734.5,0,6158354.0,0,0,7369634.0,1.0041185E7,0,8171509.5,7015793.5,
2573,163.09791681999792,11.092114,,,,,,,,,,,6298535.5,5715761.5,0,5589447.0,0,5528780.5,5896040.5,0,4116181.0,5851847.0,5871496.5,5866358.0,5373159.5,6593137.0,5686530.5,0,6032975.0,8093104.5,5391155.0,
2574,151.09794309855036,11.106223,,,,,,,,,,,4815347.5,5182201.5,4186096.0,5095485.5,6483931.5,5060125.5,0,0,4942504.5,4238574.0,5027755.0,5737794.5,5774755.5,6348111.5,6471826.0,6257520.0,5810063.5,4348885.0,3521178.2,
2575,701.40995883533,11.03764,,,,,,,,,,,2.1749862E7,1.974167E7,2.1797682E7,2.0375776E7,2.1197118E7,2.2209554E7,2.1395158E7,2.2162742E7,2.2917366E7,1.8741216E7,0,2.2224694E7,0,1621040.6,3.1929426E7,2.9564662E7,2.8158416E7,2.4058918E7,2.0798642E7,
2576,726.4629415255579,11.041018,,,,,,,,,,,1.4097112E7,1.3289827E7,1.3139553E7,1.3595825E7,1.2794013E7,1.4309471E7,1.45147E7,1.3350772E7,1.3600669E7,1.148757E7,1.1785511E7,1.3319721E7,950379.25,1.9114064E7,1.8477156E7,1.821336E7,1.7005802E7,1.3765454E7,1.3476482E7,
2577,1325.901289526204,11.028064,,,,,,,,,,,7761159.0,0,7814555.5,1000992.94,8288928.0,9449660.0,7571212.0,8188061.5,9035209.0,6895380.5,6718724.0,7446378.0,0,0,1.4255337E7,1.2570814E7,9613503.0,8437490.0,7132358.0,
2578,1347.8828609205873,11.031528,,,,,,,,,,,3.3622284E7,0,3.1542974E7,427234.94,2.6381574E7,3.170014E7,3.0296978E7,3.1246214E7,3.2750144E7,2.7976998E7,2.6348894E7,3.308592E7,0,0,5.1284092E7,4.485608E7,3.425329E7,3.130211E7,3.1857704E7,
2579,149.08237128938296,11.103757,,,,,,,,,,,4559625.5,5333061.5,4557730.5,4349000.5,5679017.0,4931120.5,0,3949802.2,4353109.0,4833284.0,4897804.0,5167789.5,3897903.5,5119781.0,5608670.0,4884825.5,5243536.0,0,4131892.8,
2580,439.2036213920648,11.040619,,,,,,,,,,,6589823.0,5767160.0,6677796.0,4662369.0,5584035.0,6872517.5,0,5826432.5,6080033.5,6109010.0,5900752.0,6651679.5,0,6334021.0,7088408.5,7264451.5,6127933.0,6125249.5,6737676.0,
2581,1342.9278755641972,11.048589,,,,,,,,,,,5.0991264E7,1276228.0,5.0891224E7,1361955.1,1037019.8,5.7612724E7,1980538.5,5.4529276E7,5.693871E7,5.179043E7,4.7292616E7,4.854177E7,0,0,9.47288E7,7.448696E7,5.7340308E7,5.2682E7,4.9305908E7,
2582,1370.959469532008,11.0405,,,,,,,,,,,3.3173426E7,0,3.4544812E7,243078.8,0,2.8263904E7,463202.9,3.1865992E7,3.2300462E7,3.0743642E7,3.5636864E7,3.149837E7,0,0,3.0478042E7,2.853894E7,2.3475766E7,3.1454118E7,3.5031404E7,
2583,172.10806267869162,11.11151,,,,,,,,,,,0,158378.98,0,0,170398.9,0,0,0,0,0,240000.86,167529.34,0,0,0,0,277463.94,0,0,
2584,651.4604511112309,11.109556,,,,,,,,,,,0,9826750.0,0,1.182615E7,1.3463612E7,1.9939628E7,1.1034426E7,8008864.5,1.1919981E7,8768728.0,0,0,0,0,1757432.5,4064037.5,4403253.5,6048956.5,5722695.5,
2585,736.5432177574033,11.04448,,,,,,,,,,,5.579375E7,4.7031016E7,5.2001016E7,4.4286508E7,4.760818E7,5.9643996E7,4.827207E7,5.417978E7,6.0605956E7,5.327519E7,4.7803744E7,5.95832E7,0,1.0963157E8,6.961911E7,6.5704976E7,0,5.610323E7,0,
2586,520.3554673572637,11.151463,,,,,,,,,,,4266960.0,6527199.0,5884540.5,5355201.5,6560896.0,7898010.0,9410779.0,4005478.2,6091047.0,4530840.0,2455734.0,1982068.1,0,5654332.5,3495682.0,4554298.0,5307997.0,8025257.5,5219535.0,
2587,130.16690788722696,11.129045,,,,,,,,,,,394814.66,440292.56,427995.84,453650.84,460664.16,477664.03,423758.9,428523.8,421828.84,404576.72,386914.9,396585.25,729746.0,734700.9,438852.62,422729.9,432837.1,442299.66,409423.22,
2588,772.6157239633197,11.129711,,,,,,,,,,,3214867.8,3406141.0,2822704.8,3678771.0,3368596.5,3727143.8,3594917.8,3144635.8,3382435.8,3094217.0,2534759.2,2896721.2,0,5607039.0,6581481.5,3922559.8,3806364.2,3218110.8,3149624.8,
2589,172.10914092724562,11.10566,,,,,,,,,,,169756.1,192775.52,0,206519.27,198296.72,205933.75,0,0,0,194095.38,0,0,0,0,0,0,211261.94,0,0,
2590,226.951665494449,11.106323,,,,,,,,,,,9866350.0,9257007.0,9743931.0,9467642.0,9250437.0,9541625.0,9308942.0,1.002259E7,9108775.0,9024432.0,9481333.0,9277860.0,0,7733014.0,9439751.0,1.1133175E7,9799497.0,9923296.0,8944048.0,
2591,153.1136564924338,11.145243,,,,,,,,,,,6385297.5,6775892.0,4974840.5,6471804.5,6396322.0,6710295.5,0,5868737.5,0,5522280.5,5693028.0,5042829.0,6727672.5,6091215.5,5431180.5,6699833.0,6370648.0,5227227.5,5261642.5,
2592,508.54591017554,11.160621,,,,,,,,,,,6463078.5,2918117.2,2842452.5,0,3232843.8,8351183.0,3060303.2,3212168.2,8807282.0,0,2349969.8,0,0,0,0,0,0,2009706.2,867072.7,
2593,899.5321437736054,11.154385,,,,,,,,,,,1215979.2,1965537.8,2015594.5,1118480.5,3090634.2,4485726.0,4087853.5,0,708788.8,0,1336540.6,0,0,0,0,905083.44,1052763.6,3832856.5,3367921.0,
2594,537.3951666880679,11.173889,,,,,,,,,,,4.09779E7,4.6281644E7,4.861583E7,4.3555692E7,4.6434156E7,4.7957428E7,4.8706736E7,4.189886E7,4.3568972E7,3.5792804E7,3.670456E7,4.5999036E7,0,2928126.8,6.953546E7,6.2477012E7,4.5237796E7,4.792702E7,4.442952E7,
2595,680.4808284316937,11.097023,,,,,,,,,,,4.1924564E7,1.5213789E7,1.3738915E7,2.3969588E7,2.086789E7,2.1479864E7,2.1437916E7,1.2130633E7,4.1884716E7,1.5677536E7,1.6351847E7,1.302726E7,0,1.0801829E8,8.75373E7,5.257282E7,2.1273918E7,1.7166414E7,1.6737622E7,
2596,163.09806665660847,11.18314,,,,,,,,,,,6174082.0,0,5406081.5,6463053.0,5674635.0,6767384.0,0,7281829.5,0,6418877.0,6369922.5,6121882.5,0,5558096.5,5299289.5,6989145.5,5812103.5,5408075.5,6259092.5,
2597,1199.8432291963568,11.172112,,,,,,,,,,,2848596.0,2728535.2,2350529.5,3202458.0,2386295.8,2353891.8,2557417.2,3041959.2,2338891.0,2552418.2,2544197.2,2879041.2,0,2061328.8,5248788.5,5354165.5,3886654.0,2497353.2,1812971.6,
2598,576.4655332115171,11.178775,,,,,,,,,,,3559933.8,3245475.0,4260366.5,3138893.8,3331886.8,3854819.5,3464874.0,3896721.0,4156586.0,3958110.5,3814466.5,4046635.8,0,893038.56,4820050.0,3739436.2,3599018.0,3800695.0,4272104.0,
2599,531.4081782580506,11.177883,,,,,,,,,,,2.347943E7,2.5456102E7,2.6941802E7,2.4592682E7,2.56061E7,2.6248152E7,2.835556E7,2.2348794E7,2.4226512E7,2.1740602E7,2.2112222E7,2.0997576E7,0,9031540.0,4.8732436E7,3.843773E7,2.9454242E7,2.7053232E7,2.601863E7,
2600,685.4362478816087,11.123064,,,,,,,,,,,1.1485395E7,1.8306418E7,1.3000084E7,1.2605284E7,1.6838354E7,8269046.5,1.275481E7,2.8480184E7,1.0171914E7,1.3156229E7,7379859.0,1.5552335E7,0,1.2426975E8,8.944619E7,3.623956E7,2.1838682E7,1.6459884E7,1.4885682E7,
2601,553.3908500126128,11.1809845,,,,,,,,,,,1.7868276E7,1.8953294E7,1.8858508E7,1.9636006E7,1.9098246E7,1.9297118E7,2.0989926E7,1.7092876E7,1.8027566E7,1.5013368E7,1.5129333E7,1.6982646E7,0,1.026396E7,3.471251E7,2.9018966E7,2.2221708E7,1.9563592E7,1.8009198E7,
2602,151.09798552487626,11.203083,,,,,,,,,,,5744858.5,7092992.5,6278317.5,5810650.5,6483931.5,6350165.5,0,5756611.0,0,5318726.5,0,4886973.5,5346025.5,6348111.5,5030685.0,6257520.0,0,6356362.5,4763237.5,
2603,126.10284701374682,11.192945,,,,,,,,,,,5433297.0,7758065.0,4732701.5,6308388.5,7404357.0,5350608.5,0,6120937.5,0,5144624.5,6833448.5,4975583.5,6217971.5,8188561.0,7020129.0,0,0,6366501.0,0,
2604,124.08719516689438,11.18336,,,,,,,,,,,3.1670376E7,4.9567584E7,2.7005998E7,4.5098896E7,2.9664372E7,2.8981888E7,4.169754E7,3.126335E7,3.0850808E7,2.8950754E7,3.560666E7,2.6206792E7,3.985297E7,0,3.733376E7,5.195927E7,4.7052304E7,3.9388904E7,0,
2605,136.08710979178264,11.199681,,,,,,,,,,,0,5232573.0,3453206.8,4605626.0,4733880.5,0,0,4233979.5,3816680.0,3917595.0,4486096.5,4213623.5,3928466.0,4686514.5,4015681.5,4698433.0,0,4809182.0,3761874.0,
2606,163.0979743285018,11.21638,,,,,,,,,,,5265568.0,7827995.5,6916907.5,6463053.0,0,6767384.0,0,7281829.5,5316730.5,6009003.5,6369922.5,0,5579184.0,6593137.0,7499880.0,7977887.0,0,6847786.0,5993276.5,
2607,138.10274903845365,11.20352,,,,,,,,,,,3942158.8,5833188.0,3645674.8,5226664.5,5187188.0,3892733.8,5197914.0,4568481.5,0,4404556.0,0,4697649.5,4080831.8,5436753.0,4633650.5,4971966.0,0,5001210.0,4132746.2,
2608,1326.9052359204336,11.148409,,,,,,,,,,,139026.75,0,0,191379.16,0,0,167301.42,0,0,0,0,0,0,1.3401281E7,1.292596E7,0,0,0,0,
2609,1348.8865583276734,11.158632,,,,,,,,,,,0,0,199503.84,257370.55,193217.8,336408.44,0,0,326560.75,180363.9,0,234873.56,0,4.3578956E7,457863.78,400131.06,0,0,0,
2610,1343.930676638232,11.142404,,,,,,,,,,,917150.1,791647.7,1525451.0,611349.94,999548.5,0,1201334.4,714366.9,1635740.5,881254.3,697187.0,0,0,8.982848E7,2673541.5,1809451.2,1382605.5,1225489.4,903224.3,
2611,1370.9600028515256,11.157105,,,,,,,,,,,535564.3,184071.86,0,243078.8,0,383733.84,219121.84,212383.17,580281.06,0,356930.78,0,0,2.5579218E7,0,383574.8,0,272061.28,0,
2612,654.4797672347229,11.213233,,,,,,,,,,,3833962.0,4083147.0,3642921.0,4229670.5,4087944.8,4063498.5,4207106.5,3822928.5,3759451.0,3538347.2,3719101.2,3796782.5,0,6953548.0,6696307.5,4679788.0,4376275.5,3950096.8,3689151.0,
2613,508.54583141453986,11.16786,,,,,,,,,,,6811442.0,2903980.2,2912941.5,0,2981448.8,8642815.0,3067104.2,3069192.8,8645353.0,0,2422138.0,0,0,0,0,0,0,2189570.8,950349.0,
2614,495.2665414515825,11.1327715,,,,,,,,,,,2868430.8,2141015.8,3513849.8,2479732.2,2351364.8,2898314.0,2456390.5,2257391.5,3456885.5,2411324.0,2633655.0,2952361.5,0,2.4234432E7,1.9737742E7,4040519.2,2891977.5,3119839.2,2495574.5,
2615,708.5117546170766,11.128352,,,,,,,,,,,9.7589416E7,4.898892E7,8.554496E7,5.800526E7,5.450577E7,7.953045E7,5.3582184E7,1.0367334E8,8.555615E7,7.992793E7,8.727968E7,9.464308E7,0,3.4201446E8,3.5774285E8,9.238553E7,7.606242E7,8.422637E7,7.851292E7,
2616,1347.8826542483544,11.154993,,,,,,,,,,,289212.88,179695.77,0,254254.97,0,0,0,344640.38,306949.72,212728.77,243033.81,334406.75,0,4.8387636E7,496926.88,668112.44,373974.03,0,240059.69,
2617,793.5278816129762,11.164937,,,,,,,,,,,1388692.8,0,1604788.2,1628025.4,0,1089441.5,0,1533076.0,1350238.0,1595070.2,0,1683704.8,0,1.0473204E7,9379646.0,2947741.2,1739317.2,0,1770439.6,
2618,547.405846495151,11.219876,,,,,,,,,,,4357393.5,4952849.5,4328784.5,4623380.5,4616442.0,4453661.0,4703990.5,4422508.0,4187579.0,4044613.5,4286773.5,4203471.5,0,7483781.5,7711484.0,4849252.0,5114595.0,4188925.5,4257122.5,
2619,551.3287462923752,11.146004,,,,,,,,,,,3927005.5,3212331.5,3412508.2,3953467.8,3283066.5,4206156.0,4218141.0,4250451.5,3819002.5,3489073.8,3430902.8,4393525.5,0,3.6271924E7,6167389.5,6020100.5,4596349.0,4268906.0,3290567.5,
2620,607.3918257351792,11.138499,,,,,,,,,,,1.2772666E7,1.0283831E7,1.3140154E7,1.1936266E7,1.0498719E7,1.294169E7,1.1333826E7,1.3113377E7,1.3834267E7,1.050554E7,1.0094672E7,1.1799032E7,0,1.1135762E8,2.4672298E7,1.7504706E7,1.3307049E7,1.3600222E7,1.0831925E7,
2621,663.4539012946333,11.139383,,,,,,,,,,,1.2547736E8,1.04194136E8,1.28305576E8,1.2148527E8,1.03736184E8,1.367114E8,1.1283114E8,1.1776299E8,1.3311268E8,9.740219E7,8.992265E7,1.08092536E8,0,9.862752E8,2.487032E8,1.6403984E8,1.3075904E8,1.3235696E8,9.889123E7,
2622,701.4100699785054,11.144244,,,,,,,,,,,4095033.8,2892744.8,3194230.2,3432567.5,2868525.0,3256864.0,2964527.0,4307206.0,3674379.8,3280046.2,3003355.2,2970093.0,0,4.052322E7,8324507.0,6795922.0,4890270.0,3129123.0,2374217.2,
2623,726.4644852251697,11.14632,,,,,,,,,,,1371537.9,872375.1,1274159.0,1334623.2,0,1137617.1,962661.3,1452554.1,1505983.8,1070955.1,1096556.4,1118038.5,997754.56,2.2997004E7,1.4199289E7,2776457.8,1674602.1,1110661.6,869953.94,
2624,736.5435086868546,11.136129,,,,,,,,,,,1.3068015E7,0,1.5450723E7,1.2003677E7,1.0364507E7,1.5635915E7,1.1789452E7,1.2676956E7,1.4307136E7,1.0635029E7,1.0733316E7,1.3108162E7,0,1.1191059E8,6.988748E7,1.7529846E7,1.3482016E7,1.5142747E7,1.1427337E7,
2625,792.606443835922,11.144558,,,,,,,,,,,4118080.0,0,4891918.5,4043007.5,3367963.5,3723657.8,4059758.2,4240118.0,3531765.2,3672641.5,3556574.5,4615503.5,0,2.9652196E7,1.7307536E7,5555674.5,4461595.5,4798050.0,3814405.5,
2626,1325.9024645486847,11.173557,,,,,,,,,,,0,0,0,0,178838.25,0,0,0,0,0,0,0,0,1.4006795E7,2954331.2,342851.1,0,0,0,
2627,645.4685652645733,11.226477,,,,,,,,,,,0,5885352.5,0,3066459.2,4840190.5,4263317.5,1827623.6,1441875.8,2029781.5,4167009.2,0,0,0,0,1161660.6,1129046.4,1428774.4,1275876.9,1317356.5,
2628,547.4057493143703,11.221535,,,,,,,,,,,4336250.0,4766525.5,4487841.5,4857769.0,4832959.5,4675243.0,5009197.0,4591455.5,4251218.0,4194459.5,4406752.0,4503331.0,8724715.0,7611824.5,7658517.5,4985477.5,5016721.5,4306649.5,4201600.5,
2629,694.4955421223606,11.17832,,,,,,,,,,,1041818.4,1009329.6,893632.25,1041470.6,0,690555.3,0,1494192.0,0,802912.0,728213.1,759822.1,0,8203575.0,3348640.0,1151548.5,1207334.4,951570.4,0,
2630,771.5024145927223,11.235661,,,,,,,,,,,0,1826657.4,0,8718399.0,5409440.5,4147944.8,3784452.0,4584805.0,4303861.5,2289853.8,0,0,0,0,1070803.8,1326489.0,1731443.4,1676046.8,1364877.0,
2631,130.1516731634323,11.258704,,,,,,,,,,,451073.6,437876.1,491985.9,425417.28,428435.47,0,537945.1,443336.8,462913.3,443056.66,409469.72,394062.6,0,0,0,419463.16,400501.53,417339.47,398103.06,
2632,502.4983729258565,11.247436,,,,,,,,,,,6319486.5,1.9365488E7,1.2860033E7,6716595.0,1.4764847E7,1.5280934E7,1.7031856E7,451009.84,1.2497268E7,505940.88,6449929.0,0,0,0,0,5973532.5,6241783.0,1.413759E7,1.5608235E7,
2633,163.0980747678483,11.270122,,,,,,,,,,,6402924.5,7827995.5,5301812.0,6684450.0,6675670.0,9264921.0,0,7281829.5,6883229.5,6418877.0,6675785.5,5891741.5,0,4982798.5,7499880.0,7977887.0,7568231.0,6847786.0,0,
2634,537.3950413320349,11.184247,,,,,,,,,,,4.3926004E7,3.7867456E7,4.861583E7,4.439271E7,4.623981E7,4.847222E7,5.0771108E7,4.5117164E7,4.6542676E7,3.667037E7,3.66834E7,4.5999036E7,2118791.5,2928126.8,6.6660948E7,6.161195E7,4.683361E7,4.920254E7,4.7276896E7,
2635,515.4131691000721,11.183005,,,,,,,,,,,2773785.2,3027984.5,3285074.2,2837397.5,427611.97,3616552.8,3466309.8,3142416.5,3425587.2,2742711.2,2513616.0,3053057.0,0,0,5307868.5,5012964.0,3295487.8,3224396.5,3276111.0,
2636,153.11366917233818,11.282227,,,,,,,,,,,5236964.0,6800446.0,6363774.5,6020136.0,7582394.0,6587623.5,7309839.0,6303741.5,5400950.0,5225013.0,6001092.5,5767462.0,5831169.5,7053077.5,6335583.0,7068412.5,0,6794071.0,6539616.0,
2637,520.3555229596927,11.240263,,,,,,,,,,,5886109.5,5949717.0,6744854.0,4835220.0,6906436.0,6637106.0,5307560.0,6921287.0,7471771.5,7631498.5,7836826.0,7166804.5,0,1772793.9,2488229.5,2773689.5,3631944.0,7583607.0,8115505.0,
2638,654.4757447255972,11.259379,,,,,,,,,,,0,0,0,0,0,0,0,0,0,0,0,0,7301439.0,0,0,0,0,0,0,
2639,531.4082296817692,11.203007,,,,,,,,,,,2.4728866E7,2.2462794E7,2.7169838E7,2.2122996E7,1.0875278E7,2.5244474E7,2.5992858E7,2.2891376E7,2.4795086E7,2.1846078E7,2.262361E7,2.2137612E7,0,6.073912E7,4.7568956E7,3.8800704E7,3.043006E7,2.8141516E7,2.7053566E7,
2640,149.08241767256777,11.288667,,,,,,,,,,,6257605.0,6882470.5,5784619.0,6563464.5,7354479.0,6888754.5,5735296.0,6651507.5,6508184.5,5679887.0,5147327.0,5975389.5,4706973.0,4809576.5,6156073.0,6266634.0,6094725.0,6090147.5,6112055.0,
2641,1342.9277144253076,11.197696,,,,,,,,,,,0,478448.34,246483.1,522631.94,491034.0,0,541657.75,704710.4,0,295781.44,473546.03,651394.1,0,9.737408E7,3509401.0,1348026.4,786839.6,831332.75,724519.4,
2642,163.0979911859631,11.278008,,,,,,,,,,,6966292.5,7035187.0,6916907.5,6684450.0,6803497.0,9264921.0,0,7281829.5,0,6418877.0,6675785.5,0,5825628.5,0,7499880.0,7977887.0,7568231.0,6847786.0,7113685.5,
2643,680.618912769636,11.2718725,,,,,,,,,,,3255712.5,4038330.2,1940201.1,919423.44,2187380.8,3835392.5,923856.3,847365.44,0,1982343.8,4138194.5,918669.2,0,0,0,0,775727.3,3091258.0,0,
2644,124.08721785378663,11.279683,,,,,,,,,,,3.8453184E7,4.669469E7,3.1866184E7,5.014534E7,0,0,4.2190876E7,3.7532532E7,3.7254364E7,3.0953974E7,3.1005436E7,2.6289652E7,4.1128572E7,3.795227E7,3.9723796E7,4.5631436E7,4.273975E7,4.1701756E7,0,
2645,153.1137246551792,11.289315,,,,,,,,,,,6385297.5,7067264.5,6363774.5,6020136.0,6816160.5,6587623.5,7309839.0,6303741.5,0,0,6001092.5,5279239.0,0,3931330.5,6335583.0,7068412.5,0,6794071.0,6539616.0,
2646,126.10286218160205,11.294033,,,,,,,,,,,0,7461351.0,5316325.5,6466168.0,6657029.0,5962688.5,7525700.5,5402576.0,0,6312780.5,5595122.0,5015392.5,7730778.5,4805001.0,8300988.5,7127070.5,6435567.0,0,5958082.0,
2647,338.34198883751145,11.25715,,,,,,,,,,,9070005.0,9491141.0,8531350.0,1.0113581E7,0,0,1.030166E7,1.0502362E7,9003659.0,9579831.0,0,9453067.0,0,1.4680512E7,1.4396215E7,1.0517124E7,1.0698689E7,9132704.0,9138737.0,
2648,172.10812514857653,11.285462,,,,,,,,,,,0,0,0,185165.6,147034.2,0,183148.4,0,0,0,0,0,0,0,150036.92,0,0,192477.34,0,
2649,138.10274266178118,11.285994,,,,,,,,,,,5120637.0,5587779.0,3922767.5,5226664.5,4824741.0,4734637.5,5920130.0,5611063.5,5784183.0,0,0,4405804.5,4928342.5,0,5542401.0,5134988.5,0,5038449.0,5365166.0,
2650,613.4831796837427,11.2859335,,,,,,,,,,,0,6273087.5,0,1.5454127E7,9456457.0,1.0619322E7,9128865.0,9364878.0,1.0054682E7,5732649.5,0,0,0,0,3298493.0,3675549.0,3743104.5,3413440.0,3431560.8,
2651,797.5176278956571,11.286351,,,,,,,,,,,0,3.594683E7,263715.22,1.0007425E8,5.6805684E7,5.474148E7,5.7898656E7,5.7853116E7,6.0294096E7,3.193597E7,0,0,0,0,1.5112214E7,2.360615E7,2.3005862E7,1.7738278E7,1.9275342E7,
2652,813.4916996441182,11.2859335,,,,,,,,,,,0,4020106.2,0,1.229866E7,6871782.5,6277480.5,6687570.0,6641484.0,7092872.0,3650501.2,0,0,0,0,1823524.2,2902884.5,2615638.0,1893661.6,2110127.5,
2653,820.5931261516928,11.2859335,,,,,,,,,,,0,1878017.1,0,5562991.5,3185552.5,3418936.5,2881453.2,3690675.0,3977142.5,1981379.9,0,0,0,0,560732.44,773117.0,845275.5,1004174.9,1171290.4,
2654,130.1494456531917,11.260598,,,,,,,,,,,0,174299.38,0,0,0,0,0,0,144260.42,0,0,0,0,0,0,188000.47,0,0,154498.28,
2655,792.5614819725578,11.286545,,,,,,,,,,,0,1.1631264E7,0,2.8597316E7,1.7443888E7,1.9581164E7,1.6464379E7,1.6829334E7,1.887708E7,1.0391259E7,0,0,0,0,5940744.0,6331641.0,6455665.0,6569790.5,6728584.0,
2656,1059.676354113365,11.288386,,,,,,,,,,,0,4725568.0,0,7315729.0,6450653.5,5563589.5,2036261.8,1687822.2,3870812.8,4583967.0,0,0,0,0,607040.25,1315519.4,1279750.6,975216.06,1233678.0,
2657,151.09797970520762,11.287872,,,,,,,,,,,5744858.5,6637391.0,6278317.5,0,5640015.5,6968996.5,7410001.0,5756611.0,0,0,0,6020499.5,5679971.5,0,6145224.0,7394196.5,6700315.5,6356362.5,5761125.0,
2658,165.1137069009848,11.309313,,,,,,,,,,,0,4908694.0,4528899.0,4300179.0,3972904.0,4963537.5,5233871.5,4596091.5,0,0,6000252.0,4932408.5,4316554.5,0,4777002.5,5137399.5,0,4660995.5,4570134.5,
2659,625.4445563417792,11.29512,,,,,,,,,,,0,1.2987242E7,0,7566288.5,6178443.0,1.1076813E7,5503224.5,4152199.2,4759370.0,7867628.0,0,0,0,0,2776962.0,3940665.5,3937489.0,3196606.8,3550434.8,
2660,992.7408901004661,11.309504,,,,,,,,,,,3229986.8,8347220.0,2741033.5,9613119.0,8257482.0,8238117.0,9345448.0,5738309.0,6515207.0,6080394.5,0,0,0,0,4213350.0,4297514.0,4586453.0,4057098.2,3806876.8,
2661,997.6974623950284,11.3112335,,,,,,,,,,,3694942.2,0,3927657.8,6908803.5,7080258.5,7206113.0,0,6348359.5,6608287.5,6412536.5,0,0,0,0,3791578.0,4590339.0,4424122.5,4569114.0,4630059.0,
2662,576.4655169201565,11.249482,,,,,,,,,,,2898208.2,1858396.4,3107209.5,2184934.2,1897619.9,2899430.8,2099465.8,2761729.2,3236682.2,2601266.0,2470570.0,3220257.8,0,6190811.0,4746115.0,3666572.2,2181321.5,3218250.2,2904623.5,
2663,1080.7360105502448,11.32024,,,,,,,,,,,0,5782084.5,0,7832816.0,8285854.5,8244043.0,3392190.0,2661726.2,4711890.0,5557964.5,0,0,0,0,1919155.9,2142922.8,2040083.2,2309115.0,1999266.6,
2664,1085.6914621598069,11.320851,,,,,,,,,,,0,2.5789006E7,0,3.3790188E7,3.3382696E7,3.172099E7,1.5630224E7,9835559.0,1.9795126E7,2.2241656E7,0,0,0,0,4959082.0,7291823.5,7453594.0,8136648.5,8253130.5,
2665,553.390568789508,11.245055,,,,,,,,,,,1.3384339E7,1.1714435E7,1.2556055E7,1.2398154E7,9450369.0,1.6855996E7,1.2554375E7,1.73429E7,1.7255784E7,1.4025205E7,1.2123608E7,1.4360219E7,0,5.3143492E7,3.480873E7,2.4960778E7,1.754229E7,1.7198448E7,1.1982924E7,
2666,569.3639749835154,11.249937,,,,,,,,,,,1799786.5,1591668.6,1676990.8,1761081.0,1523531.2,1468984.9,1640451.0,1670096.1,2326629.5,1898626.1,1501053.4,1688708.5,0,8982019.0,5213308.0,3275230.0,2079408.2,2225509.2,1563972.5,
2667,997.7044193338728,11.334775,,,,,,,,,,,0,9405396.0,0,0,0,7396236.5,9034499.0,0,6723356.0,0,0,0,0,0,0,1898828.4,0,0,4375664.0,
2668,130.16899826943765,11.325932,,,,,,,,,,,0,166195.88,169671.02,177767.98,0,0,0,188405.48,0,0,158977.3,0,255491.62,0,0,0,0,0,0,
2669,130.166894495438,11.345882,,,,,,,,,,,422403.12,479932.2,418185.6,472897.2,433022.7,467378.44,0,539891.6,435995.7,420682.38,406332.6,485653.34,694929.94,777238.25,509375.84,485670.8,418606.22,461116.72,0,
2670,1001.6680825550296,11.339508,,,,,,,,,,,1404455.1,8125424.5,5836134.5,1385662.5,954459.1,7878289.0,7864905.5,0,6203292.5,0,1440662.0,0,0,0,0,1234094.2,1359688.4,3877062.5,3605798.0,
2671,153.11367627616013,11.328578,,,,,,,,,,,0,7067264.5,5016689.5,6643764.5,6816160.5,5311048.0,7309839.0,6303741.5,0,5507468.0,6436289.0,6507545.0,6086643.0,7053077.5,6335583.0,5918356.5,0,6794071.0,5701170.0,
2672,996.7138097010779,11.341961,,,,,,,,,,,1668723.6,8065833.5,5960404.5,1338205.9,1070787.5,8085506.0,7655135.5,0,6423244.5,0,1671061.4,0,0,0,0,1076580.1,1270185.9,4152145.8,3254478.8,
2673,163.09805736486763,11.351616,,,,,,,,,,,7732288.0,8117914.5,0,0,0,9264921.0,0,6188016.0,7667766.0,6505832.5,9264556.0,8174615.0,0,6081971.0,7499880.0,7977887.0,7568231.0,7106079.5,7321452.0,
2674,151.09797835164431,11.34545,,,,,,,,,,,5795694.5,7092992.5,4921515.0,6532570.0,5493907.5,5578126.5,7410001.0,5727790.5,5182121.0,5453284.0,6255094.5,5062302.5,6156191.0,0,6145224.0,6284350.5,6709915.0,0,5405150.0,
2675,163.09796825266284,11.3575,,,,,,,,,,,7732288.0,8117914.5,0,0,0,6907592.0,0,7047385.5,6796917.5,5335257.5,7954581.0,8174615.0,5639909.0,0,7499880.0,7020251.5,7568231.0,7106079.5,7303569.0,
2676,176.10604082281978,11.350501,,,,,,,,,,,0,0,2300877.0,2677584.8,3125590.5,2867345.0,2950592.8,2606735.8,3099517.5,2439825.5,4216428.0,3695205.0,0,2544423.5,2216959.2,2430122.8,1988320.5,3805172.0,0,
2677,151.09806127676873,11.342888,,,,,,,,,,,5795694.5,7092992.5,6278317.5,7431969.5,5596756.0,6968996.5,7410001.0,5171003.0,0,7068575.5,8024215.5,5864963.0,0,5275780.5,6145224.0,7394196.5,6709915.0,5177208.5,6301748.5,
2678,149.0824061820243,11.36094,,,,,,,,,,,6257605.0,6714900.5,5574643.5,6188515.5,6197191.5,6888754.5,6350915.0,6843562.5,5266403.5,6403664.0,7204905.5,7285787.5,4746247.0,5055360.5,5600985.0,0,5999240.5,0,6596588.5,
2679,153.11373816534453,11.335836,,,,,,,,,,,0,7067264.5,6363774.5,7765277.5,5964236.0,6933360.5,7309839.0,5447512.0,0,0,8260039.0,6507545.0,0,5529977.5,6335583.0,7068412.5,0,5508750.0,6539616.0,
2680,504.5146003901685,11.355874,,,,,,,,,,,6458453.5,8233311.5,6458380.5,2556158.8,9213913.0,6429261.5,3039839.2,2495109.5,0,5980936.5,7118755.0,2499200.2,0,0,0,0,2390344.8,6815940.0,0,
2681,1059.6761177306,11.35702,,,,,,,,,,,0,1.3878343E7,0,1.1354153E7,1.3340659E7,1.4603108E7,5160826.5,4000237.2,8947646.0,1.035443E7,0,0,0,0,2588992.8,3278478.5,3576200.5,4136890.8,3304297.5,
2682,138.10274485709522,11.354988,,,,,,,,,,,5072278.5,5457236.5,4562711.0,5725444.0,4630375.5,4648890.0,5920130.0,5173955.5,5074255.5,4561097.0,5147800.0,5430117.5,4516150.0,0,5031668.0,6346396.5,0,4615809.0,5220621.5,
2683,893.5552780729413,11.384508,,,,,,,,,,,1.0841637E7,5527051.5,5501775.0,0,6451502.5,1.1003496E7,5039848.5,1.1051672E7,1.23152E7,0,9113551.0,0,0,0,0,0,0,1.1919037E7,2567221.2,
2684,368.3891193364869,11.361242,,,,,,,,,,,3739668.0,1.9379916E7,2848724.5,2.1540336E7,1.9628292E7,1.7518806E7,2.5091292E7,1.7536392E7,1.8994772E7,1.7629386E7,176271.16,0,0,276072.75,8208872.0,8375220.5,8037568.0,7707755.5,7696194.0,
2685,126.10286286221215,11.363257,,,,,,,,,,,6638940.0,7645746.5,5557266.0,8673851.0,6130185.5,5738805.0,7525700.5,6435640.0,5458313.5,5068445.0,6022648.5,6336229.0,7336329.0,7010520.0,7289872.0,8847067.0,0,6086838.0,5318804.0,
2686,136.0871101016946,11.380755,,,,,,,,,,,4600199.5,5541934.5,4446323.5,4993158.0,4819259.5,4772650.5,5563170.0,5022740.5,4758235.0,3956512.2,5128814.5,4854173.0,4223421.5,0,4620402.5,5691876.0,5156370.0,4430076.5,4701130.0,
2687,871.5726371669133,11.406949,,,,,,,,,,,7.4298936E7,3.0655202E7,3.4838664E7,0,3.400538E7,6.681225E7,2.8155764E7,6.4899136E7,7.6153256E7,0,7.481669E7,0,0,0,0,0,0,7.005741E7,1.6764216E7,
2688,368.3890012139443,11.361324,,,,,,,,,,,3927048.0,1.9673868E7,2893446.0,2.3425792E7,2.1334008E7,1.796556E7,2.3779452E7,1.8200142E7,1.7522682E7,1.766902E7,176271.16,0,512422.5,276072.75,8402398.0,9254219.0,8726982.0,7998345.5,7170906.5,
2689,531.4082905332058,11.290695,,,,,,,,,,,1.0079862E7,1.2163053E7,1.2149977E7,1.4809709E7,1.0875278E7,1.2684797E7,1.2587075E7,1.2599765E7,1.2437454E7,1.0429702E7,1.0582604E7,1.0309521E7,0,7.383874E7,4.5936984E7,1.7612362E7,1.4248226E7,1.03934E7,1.0257598E7,
2690,661.4658699130189,11.368201,,,,,,,,,,,1143976.9,4041241.2,996296.9,5675565.0,5904219.5,5895191.0,8230908.5,5369281.5,5317494.5,3424710.5,1125152.9,1093915.9,0,1402891.0,2147939.0,2199115.0,2145868.5,2100943.5,2233141.8,
2691,124.08721127603883,11.363748,,,,,,,,,,,3.8453184E7,4.1475884E7,0,0,3.3954256E7,3.958823E7,4.9540416E7,2.953154E7,3.0560826E7,3.1707678E7,3.3272754E7,3.3701492E7,3.5003244E7,3.953007E7,3.8929316E7,0,3.8672116E7,3.8994428E7,3.1937732E7,
2692,149.08245662672485,11.406815,,,,,,,,,,,6257605.0,7391666.0,0,6360500.0,8374072.5,6888754.5,7599336.5,5643036.5,6508184.5,6403664.0,7610618.0,7285787.5,0,4502750.5,5341086.0,0,7161468.5,0,0,
2693,130.151623200195,11.411673,,,,,,,,,,,456308.0,428628.62,438079.38,454125.88,425466.94,459834.5,454813.88,0,439329.72,409303.47,478501.25,426338.0,676217.4,0,483425.75,533494.8,426348.9,432625.06,402273.1,
2694,776.232345194439,11.435214,,,,,,,,,,,7307948.5,9984881.0,6923215.0,1.0479995E7,9179147.0,9297800.0,9117095.0,1.0459058E7,9850267.0,6731985.0,6769513.5,7024559.0,520936.44,0,1.2407802E7,1.0746333E7,1.0371631E7,9008393.0,8034666.5,
2695,130.16694561516553,11.412445,,,,,,,,,,,462460.34,500608.75,0,431766.28,446806.2,478191.8,0,539891.6,435995.7,420682.38,434967.38,464152.22,0,0,0,510465.1,462071.28,445316.62,0,
2696,153.11372506982505,11.424841,,,,,,,,,,,6191735.5,7299689.5,6305938.0,7765277.5,8037701.0,6933360.5,0,6268523.5,0,0,8260039.0,6507545.0,0,5683441.5,0,7043232.0,5876999.0,0,6228909.0,
2697,776.2327073425668,11.437698,,,,,,,,,,,7281560.0,1.0581412E7,6573503.5,9896843.0,8909635.0,8709279.0,9095340.0,9959019.0,9476546.0,6498715.0,6612730.0,6967969.0,0,1.9146802E7,1.1517022E7,1.0377875E7,1.0179813E7,8996271.0,8034666.5,
2698,907.5343105270873,11.442686,,,,,,,,,,,1.8632842E7,1.8016808E7,5923645.5,9000724.0,1.1135314E7,1.7115008E7,9151739.0,9300433.0,193633.45,1.0459957E7,1.9061298E7,9885357.0,0,0,0,0,9401261.0,2.0310652E7,0,
2699,885.5522772349208,11.441634,,,,,,,,,,,8.098293E7,8.3700584E7,2.7028252E7,3.495073E7,4.4786332E7,7.513411E7,3.818487E7,3.8990876E7,0,4.3429296E7,8.900369E7,4.5003684E7,0,0,0,0,4.3163944E7,9.3560744E7,0,
2700,153.11364125855025,11.436118,,,,,,,,,,,5967217.5,6157319.0,6305938.0,7765277.5,6269461.5,5640970.5,7232428.0,6268523.5,0,0,8260039.0,5965558.5,4917831.5,5683441.5,0,7043232.0,0,0,6228909.0,
2701,124.09443839485583,11.444072,,,,,,,,,,,0,427236.53,0,324430.06,259700.88,363083.97,453876.03,0,386349.62,229724.75,310219.94,0,0,244315.94,349180.9,357636.3,409392.72,0,293856.25,
2702,151.0980308113031,11.454592,,,,,,,,,,,6052782.5,7420479.5,5702228.5,7431969.5,0,6575914.0,7527484.0,0,7970343.5,7068575.5,8024215.5,6174148.5,0,6250589.5,8300889.5,0,6353190.0,0,0,
2703,126.10285170297097,11.442988,,,,,,,,,,,6394468.5,6929760.5,6180566.0,7553293.5,6582907.5,7102948.5,7213514.5,0,8389215.0,6312780.5,7580401.5,5747335.0,6322924.5,6044350.5,9195820.0,0,6736809.0,5207267.5,6253392.5,
2704,138.10273652808945,11.444638,,,,,,,,,,,4968695.0,5420084.0,5274191.0,5456967.5,5031146.0,5560627.0,5595214.5,5523279.0,7465762.0,5848784.0,6059350.0,0,3975071.5,4432688.0,6882417.0,0,5133662.0,0,4468351.0,
2705,130.15174050413785,11.466146,,,,,,,,,,,0,428628.62,438079.38,0,419719.66,462774.72,576621.06,429658.34,432250.2,410442.06,432910.28,426338.0,677123.9,667763.75,571148.2,533494.8,426348.9,462839.47,402273.1,
2706,163.0980318488726,11.460704,,,,,,,,,,,7732288.0,8757213.0,8295253.0,0,0,7423559.0,8026267.0,7014601.0,9139146.0,7393979.5,9264556.0,7528065.5,0,4648568.5,8145098.5,0,6504518.0,0,8203245.5,
2707,151.09796388080494,11.477055,,,,,,,,,,,5631111.5,7420479.5,5702228.5,7431969.5,6095954.0,6575914.0,7527484.0,0,7970343.5,5600859.5,8024215.5,6174148.5,5123684.0,6250589.5,8300889.5,0,6923424.5,0,7309632.0,
2708,172.10851792141875,11.494297,,,,,,,,,,,196244.31,161528.27,211691.78,154499.4,0,261206.81,204896.1,167820.5,0,185674.2,204199.34,216725.31,0,0,181572.66,154614.36,0,0,202727.27,
2709,163.09792118728083,11.478038,,,,,,,,,,,7259942.0,7813480.5,7153022.5,6751004.5,0,7423559.0,7644552.5,0,9139146.0,7393979.5,7262329.5,8174615.0,4929547.5,0,8145098.5,0,7873836.5,0,6594546.0,
2710,776.2323645986646,11.43919,,,,,,,,,,,7307948.5,1.0581412E7,6923215.0,1.0479995E7,9179147.0,9297800.0,9117095.0,1.0459058E7,9850267.0,6731985.0,6769513.5,7024559.0,2.65577E7,0,1.2407802E7,1.0746333E7,1.0371631E7,9008393.0,7751906.5,
2711,893.5552093385442,11.427199,,,,,,,,,,,1.1768448E7,1746716.1,5860492.0,0,3943284.5,8830100.0,5173291.5,1.2443593E7,1.2308093E7,0,9445937.0,0,0,0,0,0,0,1.208995E7,2563372.0,
2712,149.08239141392795,11.490586,,,,,,,,,,,0,6975197.0,0,6341683.5,6499395.0,0,7187970.0,7317576.5,7342298.5,6066268.5,0,7479000.0,4354957.0,5564268.0,7267838.5,0,6144341.5,6959463.0,5887986.5,
2713,136.08710608170293,11.496032,,,,,,,,,,,0,5343888.0,4494505.0,4747564.0,4564698.5,0,5224110.0,5047437.0,6039205.5,4467841.5,0,5851252.0,3512295.8,4462030.0,6667329.5,4743716.5,5071470.5,0,4250856.0,
2714,871.5725224133189,11.445982,,,,,,,,,,,8.315375E7,1.3202304E7,3.871483E7,0,1.2317308E7,5.822708E7,2.9973364E7,8.2456104E7,8.704563E7,0,7.3265656E7,0,0,0,0,0,0,7.094703E7,1.8789314E7,
2715,366.3734646255034,11.489823,,,,,,,,,,,3950870.5,5561848.5,3782843.8,5450183.5,4582439.0,5022938.0,5219212.5,4590062.5,3808377.5,4685223.0,3453622.5,3386546.2,0,6706100.0,6441712.5,6184672.5,6041327.0,5244613.0,3707084.2,
2716,226.94517927641962,11.467903,,,,,,,,,,,0,0,136222.1,0,173178.58,149310.6,0,0,0,0,0,0,0,168340.94,165860.33,159614.98,0,0,0,
2717,641.4903641659579,11.496034,,,,,,,,,,,0,1745515.6,0,3220418.2,5065632.0,3511485.2,5483557.5,4338367.5,3075554.0,3051005.2,0,0,0,0,1018271.9,1264870.4,1407037.6,1324931.9,1160277.6,
2718,124.08720595350611,11.495075,,,,,,,,,,,0,4.1923096E7,3.536679E7,3.8432388E7,3.83083E7,3.8388724E7,5.398343E7,4.527713E7,4.0033028E7,3.2245998E7,3.2940358E7,3.2828336E7,4.8993412E7,3.1510054E7,4.323917E7,0,4.6165788E7,3.7925332E7,3.9544976E7,
2719,681.420083030605,11.510052,,,,,,,,,,,3664052.2,3977871.0,3620564.0,4061831.5,3628964.0,3673313.0,3981730.2,3562743.8,3628188.2,3232945.5,2974579.2,3288557.2,0,226987.36,318984.84,260202.83,6265414.0,4240805.5,3304380.8,
2720,680.4809594809365,11.503902,,,,,,,,,,,1.1476951E7,1.1902143E7,1.0803822E7,1.3891778E7,1.1264386E7,1.1550128E7,1.2365134E7,1.1113763E7,1.0952935E7,1.0615396E7,1.0161838E7,1.0682181E7,0,1.055136E7,7955939.5,2.1598466E7,1.8947726E7,1.1369353E7,1.0381384E7,
2721,792.6063868945316,11.51449,,,,,,,,,,,4705582.0,4753745.0,5057663.0,4834042.5,4589417.0,4676135.0,4618852.5,5035669.0,4783019.0,4702059.0,4637420.5,4894735.0,0,5320743.5,2658403.0,7381967.5,6710547.5,4734510.5,4558689.5,
2722,647.4588800030799,11.522479,,,,,,,,,,,1.1703259E8,9.834226E7,1.0381341E8,1.0522177E8,1.1329808E8,1.142676E8,8.7703016E7,9.979691E7,1.14274E8,9.851252E7,9.646901E7,9.446274E7,0,3008322.5,7960843.5,2.0575738E8,1.7726616E8,1.0366919E8,1.085345E8,
2723,736.5434659979564,11.510069,,,,,,,,,,,1.4569983E7,1.5586793E7,1.5092302E7,1.6565699E7,1.4164695E7,1.4432123E7,1.5221887E7,1.4927488E7,1.3908355E7,1.4770474E7,1.3892643E7,1.5453299E7,0,1.3649945E7,8655350.0,2.8854492E7,2.280115E7,1.4909939E7,1.4522206E7,
2724,750.4072430440528,11.526426,,,,,,,,,,,6684987.0,7377438.0,6520541.0,7787229.0,7069177.5,6495871.0,7473239.0,7235164.5,6666838.5,6427145.5,6954594.5,6976395.0,0,0,1604265.6,1.1413242E7,9614768.0,6843874.5,6469430.0,
2725,701.4101394053637,11.528648,,,,,,,,,,,3965306.0,3999430.0,3695844.2,4453286.0,3676669.8,3563522.8,4270489.0,3882837.5,3674790.8,3621156.2,3232905.5,3506743.2,0,3975918.8,3394219.2,7677660.0,5684497.5,3721017.8,3391547.5,
2726,151.10573698187605,11.519264,,,,,,,,,,,249051.84,226653.12,194028.1,0,0,0,264795.44,0,241762.39,219503.81,200351.23,288967.8,243752.77,249337.73,259192.4,269590.97,232635.72,227899.0,0,
2727,663.453915014124,11.5122795,,,,,,,,,,,1.0602159E8,1.0679386E8,1.00888744E8,1.17334984E8,1.073066E8,1.0475925E8,1.0705883E8,1.0021142E8,1.0249343E8,1.0181746E8,9.240738E7,9.9462056E7,0,7.587402E7,6.200101E7,1.8846072E8,1.5230758E8,1.060043E8,1.0151267E8,
2728,163.09797148921638,11.544221,,,,,,,,,,,0,8757213.0,6594556.0,0,7510509.5,7112691.5,8026267.0,0,9139146.0,7393979.5,8866145.0,9103860.0,6551192.5,7343427.5,1.0687839E7,0,8997911.0,0,6210739.0,
2729,708.5119766807435,11.5184555,,,,,,,,,,,7.216633E7,6.4401744E7,7.5912984E7,6.4686428E7,6.5625524E7,6.3818036E7,6.3335624E7,7.2845016E7,7.560701E7,7.323263E7,7.334857E7,8.198387E7,0,3.1531136E7,3.496754E7,8.609531E7,8.147052E7,6.9515816E7,7.544333E7,
2730,126.10285210962178,11.531204,,,,,,,,,,,0,7693040.5,6900707.0,7122644.5,0,6538455.0,8011766.0,5707596.0,8389215.0,5282282.5,0,6479855.5,7488222.0,6594370.0,1.0437353E7,6689896.0,6029345.5,5877016.5,4929383.5,
2731,685.4362559449069,11.522875,,,,,,,,,,,1.0896365E7,1.2935948E7,1.1070712E7,1.2882567E7,1.1240575E7,1.0215172E7,1.2856406E7,1.0530359E7,1.068939E7,1.0164419E7,9406147.0,9756959.0,0,1.0584111E7,9761951.0,1.6776995E7,1.5205284E7,1.0519302E7,9972539.0,
2732,607.3919099691245,11.51757,,,,,,,,,,,1.0845364E7,1.0793582E7,1.0632643E7,1.189762E7,1.0801395E7,1.0878629E7,1.1089689E7,1.0765995E7,1.0461332E7,1.0295061E7,1.0085238E7,1.0290554E7,0,7559660.0,6246572.0,1.9902658E7,1.5252335E7,1.0280985E7,1.1591046E7,
2733,366.373291839609,11.492195,,,,,,,,,,,4547469.5,5141360.0,4107809.0,5676251.5,4672757.5,5207894.5,5002289.5,4930776.0,4011949.2,4844021.0,3548908.2,3429634.2,7457165.0,0,7024348.0,6460320.0,6325023.5,5493981.5,4240926.0,
2734,138.10274440937695,11.533628,,,,,,,,,,,0,6471785.0,5888247.5,5119180.5,0,5472757.0,6317413.5,6013554.0,7465762.0,4765151.5,0,6573604.0,5180061.5,4374742.0,7306550.0,5075733.0,5448255.0,0,4776485.0,
2735,136.08710686862986,11.534772,,,,,,,,,,,4571594.5,6194659.5,4427326.5,0,0,4845634.5,5306972.5,4246690.5,6039205.5,4467841.5,5274513.0,5787809.0,4563564.5,4462030.0,5728336.5,4853496.5,5708687.0,0,4119358.2,
2736,153.12129912926312,11.552032,,,,,,,,,,,0,0,0,165071.8,0,0,241573.34,0,173586.97,176445.81,0,0,183854.33,163991.8,196410.84,208106.7,283430.28,0,224021.06,
2737,151.09797902824423,11.525476,,,,,,,,,,,0,7420479.5,7279889.5,6961220.0,0,6575914.0,6438895.5,7229534.5,7970343.5,0,0,6786089.0,6491945.5,6250589.5,9220464.0,0,6023072.0,5699168.5,5822779.0,
2738,153.11366505502278,11.5406275,,,,,,,,,,,0,7299689.5,6498202.5,6528422.0,5635573.0,6013777.5,6324195.5,6338790.5,8466774.0,5289237.0,0,7269201.5,6433981.0,5683441.5,8917373.0,5394183.0,5504404.0,5532848.0,5700159.0,
2739,153.1137167808122,11.54061,,,,,,,,,,,0,7299689.5,7163798.5,7513800.5,0,6589946.5,7232428.0,5133433.5,8466774.0,5289237.0,0,7261220.5,0,5683441.5,8917373.0,0,7649649.0,5532848.0,7239289.5,
2740,124.09436933364698,11.553498,,,,,,,,,,,495414.78,416779.88,308041.06,0,329871.8,316472.5,453876.03,0,320836.6,0,315997.88,0,431611.72,0,434208.78,404349.12,430792.72,336965.44,297405.0,
2741,126.10292112221808,11.565141,,,,,,,,,,,0,7693040.5,6900707.0,0,7012979.0,7102948.5,8011766.0,6950202.0,8389215.0,5694838.5,0,6479855.5,0,6006137.0,1.0437353E7,8022579.0,8459646.0,5748851.5,0,
2742,163.09806153229678,11.57673,,,,,,,,,,,0,1.0783204E7,8490876.0,0,6323371.5,7112691.5,8026267.0,7215171.0,9139146.0,8289714.5,8866145.0,8967049.0,0,6569400.5,8312980.0,7169012.0,8997911.0,0,9823656.0,
2743,645.4686873829864,11.571869,,,,,,,,,,,0,5184090.5,0,2752862.2,2643360.5,3615657.5,990683.1,948247.06,1591410.8,3000102.0,0,0,0,0,1153028.0,1434242.5,1342011.6,1271708.8,1403414.6,
2744,130.16688282303966,11.592401,,,,,,,,,,,0,517721.28,512696.28,512753.88,486008.5,0,438823.56,0,510094.16,493803.72,433417.28,495069.94,783058.25,729016.56,414359.97,402551.25,0,0,466391.3,
2745,165.11378693917672,11.586161,,,,,,,,,,,0,5504271.0,5731723.0,0,5119291.5,0,5316674.5,4551574.5,6250099.0,5036156.5,5452398.5,5479719.0,0,3877490.5,5151283.5,5270296.0,5238065.0,0,5672399.5,
2746,680.4809858251508,11.526012,,,,,,,,,,,1.1580462E7,1.0346553E7,1.0796315E7,1.3708849E7,1.1165807E7,1.1363132E7,1.0692027E7,1.1379647E7,1.0957269E7,1.1350937E7,1.0239536E7,1.0576961E7,0,9163711.0,7223285.5,2.0976194E7,1.9122754E7,1.17422E7,1.1066209E7,
2747,792.6062728259546,11.541453,,,,,,,,,,,4671900.5,4357952.0,5005195.0,5210154.5,4441383.0,4680066.0,4214210.0,5229833.5,4993030.0,4954909.5,4642903.0,5277385.5,0,5320743.5,5697663.0,7623329.0,7056838.5,5333662.0,4778955.0,
2748,176.10599424121594,11.599451,,,,,,,,,,,3534064.0,4481177.0,2390096.5,1840552.9,2770631.0,3649751.0,0,2772516.2,4048676.8,2987624.2,4286476.0,3192088.5,0,1683403.4,3177534.0,2855620.2,3140005.0,0,2401975.5,
2749,685.4362726780915,11.544111,,,,,,,,,,,1.1875808E7,1.0330002E7,1.1070712E7,1.3481267E7,1.0078755E7,1.0183169E7,1.1344619E7,1.0600782E7,1.1271241E7,1.0596744E7,9479039.0,1.0430186E7,0,1.0541432E7,1.5884388E7,1.6719375E7,1.5541621E7,1.0664177E7,9972539.0,
2750,701.4100622421587,11.538805,,,,,,,,,,,4104230.2,3523344.8,3695844.2,4619851.0,3717148.5,3839608.8,4138150.8,4119690.8,3811304.2,3847128.8,3588840.0,3583738.5,0,3975918.8,7562932.0,7068505.5,5833641.0,3721017.8,3384537.5,
2751,151.0980632099147,11.5984335,,,,,,,,,,,0,7318398.0,5954310.5,6961220.0,5961100.0,6945640.0,7527484.0,5260383.5,7970343.5,6565504.5,7114064.5,6840368.0,0,5715320.5,9220464.0,7074456.5,7051276.0,5899111.0,7309632.0,
2752,647.4589254785267,11.557534,,,,,,,,,,,1.2501903E8,4.1765316E7,0,2.7547112E7,8.068084E7,1.2308909E8,4.185813E7,1.116844E8,1.210021E8,1.0432605E8,9.408047E7,1.0003123E8,0,2516465.2,1.525733E8,2.2253776E8,2.0286117E8,1.0442718E8,0,
2753,551.3287603566757,11.545873,,,,,,,,,,,3577963.5,2344479.2,3826362.8,3902644.2,3113583.8,3502907.0,3081214.2,3767571.5,3492147.5,3552181.2,3339641.0,3889490.2,0,2255212.8,5731009.0,5894340.5,5342937.0,3639675.8,3877651.0,
2754,663.4539023147411,11.541458,,,,,,,,,,,1.097594E8,8.497219E7,1.0492373E8,1.1598515E8,8.5138744E7,9.822562E7,9.375028E7,1.0288014E8,1.03261976E8,1.0069015E8,9.3509784E7,1.0092153E8,0,7.1745256E7,8.16656E7,1.8415789E8,1.5568173E8,1.0590594E8,9.87563E7,
2755,681.4203172997863,11.547194,,,,,,,,,,,3863114.2,2415831.0,3872768.5,3481314.2,2611652.2,2806874.8,1782462.2,3839482.2,3752649.8,3283654.0,3025753.5,3326059.2,0,226987.36,489451.75,8028902.5,6505831.5,4310358.0,3602333.5,
2756,708.5120223211002,11.545864,,,,,,,,,,,7.2763016E7,4.9070804E7,7.911058E7,6.4456548E7,5.6717164E7,6.2763104E7,5.6563732E7,7.501902E7,7.525528E7,7.7878984E7,7.4655944E7,8.215565E7,0,3.0693834E7,7.890215E7,8.625712E7,8.191748E7,7.07554E7,7.629337E7,
2757,736.5434811197472,11.545427,,,,,,,,,,,1.4943986E7,1.0084308E7,1.5525323E7,1.6614697E7,1.1338043E7,1.3858104E7,1.3109355E7,1.5828721E7,1.4179102E7,1.5389779E7,1.4757885E7,1.6369542E7,0,1.2176121E7,2.002956E7,2.710545E7,2.4052196E7,1.6078745E7,1.5058192E7,
2758,750.4074600030561,11.55094,,,,,,,,,,,7140136.0,5240733.0,6408339.0,7572100.5,5975346.0,6790602.0,6223656.5,7339753.5,7073734.5,6657615.0,7384883.5,7115469.5,0,701973.5,9295416.0,1.0678647E7,0,7023541.5,6555336.5,
2759,163.0979719799568,11.598292,,,,,,,,,,,7357136.0,9055421.0,8490876.0,0,7510509.5,0,7013499.0,0,7750946.0,7030068.0,0,9103860.0,6708693.5,7343427.5,1.0687839E7,7971481.5,8997911.0,0,7433701.0,
2760,138.10276153894094,11.613067,,,,,,,,,,,0,6337685.5,5227753.5,0,5549446.0,5483722.0,5159097.5,0,0,5524114.5,5555074.5,6400713.0,4639274.5,5216617.0,7306550.0,6359216.0,6268307.5,0,0,
2761,126.10287359818203,11.612144,,,,,,,,,,,0,7693040.5,6117873.0,5928095.5,5943983.0,6356059.5,6113956.0,5901445.5,0,5694838.5,6261482.5,6504301.5,7303791.5,6824854.5,8606651.0,8022579.0,7614331.5,5748851.5,5328447.0,
2762,151.09800505987008,11.621615,,,,,,,,,,,0,7318398.0,6367594.5,0,6952562.0,6631204.0,6238101.5,0,0,6565504.5,6761299.5,6840368.0,6464110.0,5715320.5,7373231.5,7074456.5,7941467.0,5899111.0,7309632.0,
2763,149.08239049889312,11.633571,,,,,,,,,,,6105279.5,8369562.0,7290325.5,7349559.5,7190688.0,7021380.0,7729061.0,0,7338158.5,6366173.5,7858146.5,6967337.5,5636492.0,0,8074643.5,6983149.0,8478021.0,6710240.5,7291230.0,
2764,587.4678714184724,11.622123,,,,,,,,,,,0,7829019.5,0,4289739.5,5474515.0,6891952.5,2840605.5,1915461.0,2702375.2,5541669.5,0,0,0,0,2073351.4,2876527.0,2878816.0,2130793.5,2072282.6,
2765,605.4778847458679,11.622125,,,,,,,,,,,0,1.3407286E7,0,7800878.0,9653084.0,1.2093657E7,4681336.0,3462393.8,4597262.5,9979065.0,0,0,0,0,3946048.8,5582396.0,4928254.0,3716632.8,3624944.5,
2766,622.5042891676411,11.622736,,,,,,,,,,,0,7181292.5,0,4230981.0,4675717.5,6281525.5,2340783.2,1825405.2,2455324.5,4821972.0,0,0,0,0,2039309.9,2667334.2,2417250.5,1897789.2,1771699.6,
2767,627.4602447163834,11.622736,,,,,,,,,,,0,6.81464E7,0,3.9443388E7,4.8078428E7,5.970189E7,2.5646018E7,1.898436E7,2.387583E7,4.8165416E7,0,0,0,0,1.9820012E7,2.621315E7,2.5071632E7,2.1126736E7,2.0224734E7,
2768,650.5357410566386,11.622736,,,,,,,,,,,0,1.4680439E7,0,7190100.0,1.0511898E7,1.4020347E7,4750470.0,4526361.0,5913221.5,1.2815321E7,0,0,0,0,3102047.8,3939887.8,4231265.0,4639050.0,5200654.5,
2769,643.4338170113605,11.623347,,,,,,,,,,,0,9391821.0,0,5248472.0,6392705.0,7718736.0,3359979.8,2514840.0,3159093.2,6325192.0,0,0,0,0,3150782.0,3711049.0,3513576.0,2825694.2,2748832.8,
2770,124.08720965419722,11.639725,,,,,,,,,,,5.484174E7,4.763863E7,4.1603188E7,6.747414E7,4.1076428E7,3.8128028E7,4.0351868E7,0,3.5669348E7,3.3234508E7,4.2231244E7,3.4358824E7,4.8993412E7,3.9276732E7,0,5.3671924E7,0,3.660307E7,3.783014E7,
2771,153.1136542330191,11.637205,,,,,,,,,,,0,7061397.5,7163798.5,5691731.5,6709921.5,0,5322730.5,0,7240674.5,6168918.5,6825249.0,7261220.5,6203463.0,0,7120062.0,6880712.5,7649649.0,5773238.5,0,
2772,136.0871189560282,11.649069,,,,,,,,,,,0,6565409.0,4826038.5,4748132.5,4625628.5,5467383.5,4661103.0,0,5729943.0,4392086.5,5415640.0,5851252.0,4223444.0,0,7279260.5,6440802.0,5695185.5,5072772.0,4452081.5,
2773,165.11371604929175,11.649836,,,,,,,,,,,0,5504271.0,5731723.0,4772203.5,5119291.5,0,0,0,5406193.5,4106769.0,5264908.0,5361296.0,4151366.0,0,6298626.5,5404555.5,5930533.5,4418912.5,0,
2774,149.09016619248783,11.64699,,,,,,,,,,,176555.89,265695.03,179665.78,0,244423.36,0,182500.11,0,0,218322.94,250480.81,199911.61,179731.6,0,0,0,229419.53,0,0,
2775,138.1028615886963,11.679666,,,,,,,,,,,0,0,5304808.5,5167282.0,6058670.5,0,0,0,6294214.0,5524114.5,6211925.0,5707277.0,0,4443962.5,0,0,6934613.5,0,0,
2776,1015.6485539007748,11.668166,,,,,,,,,,,0,1160697.6,0,4972546.5,4877595.0,2958941.5,2676908.0,2621749.5,2878844.5,2476321.2,0,0,0,0,1164857.4,1344635.6,1187052.2,1029577.3,973991.3,
2777,153.1137472375417,11.671084,,,,,,,,,,,0,7061397.5,5944217.5,6396986.0,6709921.5,0,6480405.0,5940094.5,6910890.5,6168918.5,0,0,0,5056735.5,0,8870428.0,6526340.0,0,0,
2778,124.08721702064989,11.69199,,,,,,,,,,,4.4099704E7,4.1369076E7,4.002978E7,5.596269E7,3.468322E7,3.9450256E7,4.6652388E7,0,3.3711884E7,3.3234508E7,3.5311092E7,3.659596E7,4.7184224E7,5.145769E7,0,4.9161604E7,5.7367412E7,3.8147356E7,3.4585664E7,
2779,607.3919329044428,11.595383,,,,,,,,,,,9798663.0,4999546.0,8482788.0,7091666.5,5363138.0,6140506.0,5413780.0,8185083.5,9395048.0,8857893.0,4752312.0,6945727.5,0,5750409.0,1.8506074E7,1.868977E7,1.2933408E7,9183221.0,6980415.5,
2780,165.11378485981578,11.685721,,,,,,,,,,,0,5504271.0,4155966.8,4772203.5,0,0,5162064.5,0,5406193.5,5036156.5,5746390.5,4927023.0,0,0,0,6769601.5,5930533.5,0,0,
2781,124.09441189750434,11.666602,,,,,,,,,,,495414.78,0,317955.06,393848.75,0,341376.4,0,0,301160.6,284624.75,355151.7,260113.17,356237.66,401388.34,0,0,452933.12,284653.25,379097.0,
2782,153.12155092315143,11.6667595,,,,,,,,,,,0,230729.23,184984.06,223214.61,0,0,0,0,243638.88,0,224770.9,0,0,241692.61,0,184514.73,283430.28,191165.44,0,
2783,163.09804537528868,11.687723,,,,,,,,,,,8352354.5,1.0783204E7,7739287.0,6992835.5,9165688.0,8398772.0,1.0069072E7,0,7882045.5,8289714.5,8593169.0,0,0,5941592.5,0,0,0,8067979.5,9823656.0,
2784,126.10282272447652,11.711205,,,,,,,,,,,6962531.5,7554915.0,5640430.5,6843332.0,7519969.0,0,0,0,6769972.5,5703806.5,6702544.0,0,7829610.5,0,0,1.0762618E7,9194945.0,0,6360519.5,
2785,629.4718677570227,11.703193,,,,,,,,,,,0,3851393.5,0,2504666.5,3762978.0,3392979.0,1769045.4,1586391.2,2159171.2,3748937.5,0,0,0,0,1395240.6,1358073.9,1291529.9,1293102.6,1206456.8,
2786,685.4363141949208,11.634808,,,,,,,,,,,9094249.0,6151839.0,7322357.0,6703285.5,5708557.5,6144072.5,6776015.0,7699559.0,7188964.0,6670788.5,5929891.5,6334224.5,0,9805743.0,1.7938584E7,1.5886678E7,1.0878564E7,6824070.0,5608999.0,
2787,701.4100020759183,11.63526,,,,,,,,,,,2847767.8,2194769.5,2618870.2,2358442.8,2260151.8,2239806.8,2272641.2,2558819.0,2535427.8,2292774.2,2044302.0,2092742.9,0,3616279.2,8518919.0,6787132.0,3650447.0,2474139.5,1990965.4,
2788,551.3288077983048,11.645452,,,,,,,,,,,2114356.0,1526879.8,1862874.9,1675947.5,1410961.0,1583978.0,1416974.9,1910685.8,1970798.6,1752497.8,1535164.2,1744443.9,0,2030375.2,6081823.0,5621631.5,1771106.8,1614687.0,1533206.8,
2789,663.4540435726772,11.638361,,,,,,,,,,,5.9826816E7,4.2854984E7,5.3417696E7,4.4536668E7,4.2837436E7,4.3338344E7,4.249903E7,5.4147816E7,5.6933452E7,5.260551E7,4.130619E7,4.453237E7,0,5.697074E7,1.8806272E8,1.737886E8,7.604269E7,5.1607772E7,4.0659436E7,
2790,708.5123006154967,11.63392,,,,,,,,,,,4.8594756E7,2.7722688E7,4.6613236E7,2.7216502E7,2.7948164E7,3.086791E7,2.7606136E7,4.582957E7,4.4966532E7,4.1981904E7,3.7260652E7,4.1767544E7,0,2.697967E7,7.723032E7,8.4993576E7,4.258714E7,3.906434E7,3.6198844E7,
2791,736.5435531805515,11.639247,,,,,,,,,,,7947002.0,5595625.0,7525794.5,6362169.5,5699047.5,5559613.0,5463740.0,8423756.0,8008759.0,7347608.5,5880986.5,6841090.0,0,1.0880909E7,2.6082744E7,2.55855E7,9720009.0,6415524.5,5990528.0,
2792,138.10274496795492,11.7251215,,,,,,,,,,,0,6710740.0,0,5683597.0,6725656.0,0,0,0,6038850.0,5524114.5,6211925.0,5115974.5,5112152.0,4361608.5,0,7164676.5,6934613.5,0,6074082.0,
2793,647.4588126858384,11.662275,,,,,,,,,,,1.9036274E7,9647991.0,2.1944932E7,1.0043761E7,7776211.0,1.0667537E7,8546271.0,2.0520972E7,1.5119625E7,9685741.0,1.5697923E7,1.3393976E7,0,2944048.8,2.0260302E8,1.5856733E8,1.8929604E7,1.8027446E7,1.4106001E7,
2794,792.606452317781,11.660496,,,,,,,,,,,2465469.8,1843954.9,1954190.5,2251775.8,2201586.0,2007989.0,2033698.0,2499534.2,2571516.8,2084514.6,0,2388287.2,0,3926657.2,7450510.0,7835606.5,2852990.2,0,0,
2795,176.10600761971074,11.748492,,,,,,,,,,,3077193.2,4025259.5,2512112.0,3731512.0,3454247.0,3523993.5,3456862.5,3236401.5,4186498.2,3062041.5,4233320.0,3686495.5,0,1713035.9,3496394.5,2962567.5,0,3055783.2,3037802.2,
2796,130.1516649630674,11.742834,,,,,,,,,,,486557.16,510682.22,459881.44,496849.12,463749.1,484055.75,482374.0,525342.56,441269.1,468944.06,463335.6,428831.1,804931.5,801170.9,445513.47,0,455175.56,479887.78,0,
2797,1087.7064970897325,11.738178,,,,,,,,,,,0,3511922.0,0,4990762.0,4084203.2,4961632.0,1553736.0,1152123.0,2835165.2,4612427.5,0,0,0,0,1702450.9,1436529.6,1332181.1,1513083.1,1380682.6,
2798,151.105866580523,11.7521,,,,,,,,,,,317173.72,0,226373.44,214102.75,258486.34,229053.5,323838.1,217058.12,246355.61,0,293582.06,234160.88,0,272017.56,333876.88,0,0,0,264180.34,
2799,799.5330420732906,11.740016,,,,,,,,,,,0,4500884.0,0,1.388169E7,8159061.5,8198885.5,8693955.0,8390802.0,8096561.0,4558882.0,0,0,0,0,3394152.0,3467518.8,3147829.8,3134392.5,2895145.0,
2800,153.11363612503874,11.727266,,,,,,,,,,,0,0,6242536.5,0,6099052.5,0,8075798.5,0,7240674.5,5794215.5,0,5437376.0,6243527.0,0,0,8032739.0,7339735.0,0,6848325.5,
2801,587.4722519696471,11.758432,,,,,,,,,,,561198.8,4764469.0,0,3350928.0,4504331.0,5474524.0,3756246.2,2409616.0,2737504.5,0,497055.22,0,0,0,932230.3,0,1464894.6,1525371.2,1403904.6,
2802,627.4604640164284,11.74369,,,,,,,,,,,0,1.9041292E7,0,1.4202673E7,1.8420554E7,2.1616794E7,1.5062099E7,1.0358533E7,1.1786104E7,2.0149804E7,0,0,0,0,6766435.5,7242691.5,7144809.5,6868233.0,6295228.0,
2803,167.09307453217147,11.752522,,,,,,,,,,,0,0,0,3119833.8,3249139.5,0,3095310.0,3398398.2,3532069.0,3705098.0,3510519.5,3627855.2,0,2351492.2,3100262.8,2808531.0,2924129.5,3030547.0,3806833.0,
2804,650.5355878259456,11.744303,,,,,,,,,,,0,3399826.0,0,2266754.5,3475358.0,4185115.8,2515255.0,2101796.5,2543424.8,4267125.5,0,0,0,0,858391.6,977543.4,1073958.2,1335429.2,1496081.6,
2805,680.4810678387809,11.670711,,,,,,,,,,,4761907.0,4524991.5,4547164.0,5262093.0,4757914.5,4074175.0,4599963.5,5054017.5,4740213.0,4907153.5,3691715.8,3878802.0,0,6924348.0,2.4211844E7,1.179067E7,6432792.5,4982490.0,4026593.2,
2806,587.4694316584076,11.745937,,,,,,,,,,,0,0,0,3377145.5,0,5583689.5,0,2536874.0,2860604.2,4431652.5,0,0,0,0,1667114.1,1812565.5,0,0,1448150.4,
2807,149.08240589245105,11.7563305,,,,,,,,,,,8559020.0,8796032.0,0,7710016.0,0,0,8736408.0,0,7100578.5,7830880.5,8678375.0,9473255.0,5748466.5,5532903.5,8045119.0,9086520.0,8478021.0,8276034.0,8386458.5,
2808,165.11377080598902,11.760385,,,,,,,,,,,0,5866817.0,0,5465996.0,0,4719379.0,5783421.0,0,5073712.5,0,5746390.5,4220630.5,0,3907765.5,0,6245657.0,5930533.5,0,5294433.0,
2809,124.08721165135724,11.778601,,,,,,,,,,,5.194549E7,4.374883E7,0,6.747414E7,5.6467876E7,4.8905012E7,7.221014E7,3.7747536E7,3.771637E7,4.170373E7,4.2231244E7,3.659596E7,6.539746E7,3.8878244E7,6.6247268E7,0,5.7367412E7,4.188076E7,4.5755516E7,
2810,750.4075756300555,11.688283,,,,,,,,,,,2089816.5,1483976.1,1904254.9,1765534.4,1550361.9,0,1736350.6,2192595.8,1988928.2,1752867.5,1628407.5,1808860.5,0,795268.9,1.0215405E7,3643420.8,2817477.8,2379454.0,1656245.8,
2811,130.16916027664564,11.773257,,,,,,,,,,,0,0,0,220880.34,0,198265.38,0,199673.38,202500.75,198871.81,0,0,0,0,0,183717.48,0,0,150301.11,
2812,136.08326567037545,11.762581,,,,,,,,,,,0,0,0,0,246266.4,0,0,0,212885.23,210856.6,285685.56,215590.97,0,0,338786.47,0,278432.1,0,170330.1,
2813,151.09805090516997,11.758229,,,,,,,,,,,6586500.5,7437394.5,0,7441324.0,0,6505734.5,7788266.0,6171783.5,6646360.0,6252786.0,6872588.5,0,0,5559647.5,0,8727370.0,7072524.0,6662914.0,6565571.5,
2814,163.09805291529997,11.777101,,,,,,,,,,,0,1.0306792E7,0,1.0067302E7,9165688.0,9030707.0,1.0069072E7,8439002.0,8755615.0,0,9426314.0,8169043.5,0,5750687.0,9331517.0,1.0180054E7,0,8067979.5,8811333.0,
2815,149.08240777560573,11.782223,,,,,,,,,,,8559020.0,8753929.0,7701587.5,9598684.0,0,7074603.5,8736408.0,7927990.0,7938734.0,7253856.5,8678375.0,8046657.5,5711614.5,7910203.5,7844492.0,7814948.0,9319143.0,7276511.5,7439024.0,
2816,136.08711625520124,11.7819,,,,,,,,,,,4840427.5,5917487.0,0,4438190.5,0,5415456.0,5071961.0,5341151.5,5704568.0,0,6248864.0,0,3795775.2,5714091.0,6287992.0,6943336.5,6414049.5,5424674.5,4921806.0,
2817,165.1136545049124,11.809129,,,,,,,,,,,4618046.5,5557880.0,0,4251975.5,0,4552541.0,4840311.5,0,5406193.5,0,4971796.0,6449767.5,3583679.5,0,5618786.0,6769601.5,8160014.5,0,4840051.0,
2818,126.1028277071377,11.804295,,,,,,,,,,,6297082.0,7767212.5,0,9908864.0,6509972.0,6076820.5,6822384.0,6254318.0,5608039.0,5703806.5,5878186.5,7022602.0,5490643.0,0,7751346.5,9577474.0,8299827.5,0,6091195.0,
2819,163.09793218410613,11.818358,,,,,,,,,,,8000175.0,8854338.0,0,6297283.0,1.0466913E7,8697038.0,8573716.0,0,8755615.0,0,8397168.0,0,6220794.0,0,9161326.0,1.0773623E7,1.2036532E7,8067979.5,7731544.0,
2820,681.4190131648776,11.8285675,,,,,,,,,,,410370.97,345487.38,478971.75,456417.9,330737.5,393150.8,447533.62,0,373343.3,391154.38,488046.06,371931.3,0,253138.47,8656120.0,0,0,472513.62,0,
2821,151.09798389916833,11.821622,,,,,,,,,,,6586500.5,6995253.0,0,6230770.0,0,0,8150006.0,6604069.0,0,5701486.5,6608994.0,8424282.0,5296820.5,7605851.0,0,8345356.0,7555643.0,7183238.0,5994014.0,
2822,576.4652792919536,11.832539,,,,,,,,,,,9455428.0,7870776.5,9758317.0,9051748.0,1.0965966E7,8359875.5,8356848.5,9316859.0,9307591.0,9197227.0,9397044.0,9250188.0,1502855.2,0,6942750.5,7161627.5,8097197.0,8860417.0,9303059.0,
2823,153.1136271246547,11.820212,,,,,,,,,,,0,6916085.0,0,0,6229920.0,6138685.5,6181914.5,6084034.0,0,5456212.0,6459360.5,7651859.5,4563074.5,0,6477407.0,7789623.0,7334652.5,0,6367812.0,
2824,138.1027071799591,11.827345,,,,,,,,,,,5627136.0,6196559.0,0,4747747.5,5692256.0,0,5630373.0,5648682.5,6073958.0,0,5871519.0,0,4159402.0,0,5960220.0,7319754.0,6925392.0,0,5602440.0,
2825,124.09436059286782,11.822406,,,,,,,,,,,401541.9,345234.75,0,454169.25,393759.72,0,487206.22,351841.16,339385.47,304343.16,256746.42,318180.6,374778.8,0,0,573833.7,0,254087.83,343009.8,
2826,151.10577333854118,11.840188,,,,,,,,,,,267700.5,307371.53,257446.14,0,258486.34,227124.08,323838.1,246141.75,0,216754.1,288779.6,0,0,0,265541.72,264629.88,289373.62,0,277279.47,
2827,610.6250109747119,11.839887,,,,,,,,,,,2.659635E7,2.2527568E7,2.8245292E7,2.162822E7,2.2860506E7,2.4102136E7,2.2866362E7,2.5525744E7,2.5593092E7,2.69074E7,2.9412166E7,2.8850286E7,0,1394768.6,1349931.8,2.33437E7,2.2816662E7,2.514436E7,2.5599402E7,
2828,124.08718718162868,11.83697,,,,,,,,,,,4.5570756E7,0,4.0417668E7,6.417131E7,5.6467876E7,4.6656644E7,7.2256424E7,3.8833036E7,3.9996616E7,3.8666388E7,3.3869844E7,3.9352924E7,5.0838412E7,0,5.4316204E7,7.54683E7,0,4.188076E7,4.0459468E7,
2829,569.3631905630183,11.835301,,,,,,,,,,,6182084.0,6309449.5,5670462.0,7676887.0,8090237.0,5555613.5,6354192.0,6133400.5,5672181.0,5597288.0,5550351.5,5337188.5,3970315.5,1.1319457E7,9015786.0,7624814.5,6915791.5,6549376.0,5916215.5,
2830,531.4080062063407,11.8353,,,,,,,,,,,5.1295536E7,5.351296E7,5.2282996E7,6.3664944E7,6.7721976E7,4.9889884E7,5.3103396E7,5.1651576E7,5.3515236E7,5.2579148E7,4.8529356E7,4.8290388E7,1.9232738E7,6.0646736E7,5.5025184E7,5.6370784E7,5.6600436E7,5.4377404E7,5.3785896E7,
2831,553.3899181432475,11.8353,,,,,,,,,,,4.3254336E7,4.705636E7,4.2822564E7,5.4926176E7,5.6536804E7,4.2281376E7,4.550751E7,4.4374664E7,4.1427812E7,4.032784E7,3.989126E7,3.814167E7,2.2400556E7,6.2693052E7,5.0249364E7,5.742576E7,5.2209052E7,4.414472E7,4.3389924E7,
2832,309.3266979523306,11.84651,,,,,,,,,,,4087972.5,4206586.0,4022660.8,3716191.5,3552957.2,3440414.8,3936642.5,3913150.5,3697502.8,3558085.2,4181058.5,3480552.5,0,449650.06,493502.03,4438804.0,4027841.5,3836195.0,3588672.8,
2833,576.4655006859363,11.836368,,,,,,,,,,,9458182.0,7992497.0,9416167.0,8847823.0,1.0566219E7,8321355.5,7883747.5,8751655.0,9227167.0,9127650.0,9279525.0,9548709.0,0,6216175.0,6862661.5,7235306.0,7864115.0,8679165.0,9365696.0,
2834,565.5666464571624,11.846952,,,,,,,,,,,1.8803814E8,1.9134334E8,1.8442152E8,1.8737858E8,1.7561197E8,1.7836968E8,2.0119258E8,1.809196E8,1.746326E8,1.7591464E8,1.8716952E8,1.6758546E8,0,1.2368485E7,1.3367728E7,2.3709944E8,2.033914E8,1.7496373E8,1.679023E8,
2835,603.5226067799555,11.846505,,,,,,,,,,,9606599.0,1.0338202E7,9652236.0,1.0275745E7,1.0103052E7,9459071.0,1.0992704E7,9366664.0,9132717.0,8367250.5,9493610.0,8803658.0,0,944217.3,724542.0,1.2337455E7,1.1176993E7,1.0045101E7,8297233.5,
2836,553.3900623108643,11.837247,,,,,,,,,,,4.299425E7,4.75765E7,4.346328E7,5.5788796E7,5.76176E7,4.1877364E7,4.655918E7,4.258765E7,4.1724892E7,4.1157156E7,4.0203616E7,3.914161E7,0,6.0024124E7,5.1741476E7,5.7297696E7,4.8406164E7,4.3299236E7,4.4571436E7,
2837,587.5484016749833,11.849605,,,,,,,,,,,9.078947E7,1.01222504E8,9.054028E7,9.740056E7,9.6582024E7,8.948878E7,1.0266452E8,8.863247E7,8.733499E7,7.973166E7,8.669561E7,8.167907E7,0,7904110.5,7922184.5,1.1430453E8,1.0860631E8,9.16582E7,8.324603E7,
2838,569.3631984842834,11.837393,,,,,,,,,,,6391073.0,6288452.0,5688300.5,7901300.0,8580899.0,5392627.0,6474820.0,5894448.5,5604890.0,5550394.5,5579729.5,5425508.0,1023333.75,1.0705852E7,8995061.0,7916634.5,7148204.5,6362491.0,5805610.0,
2839,310.31065882541236,11.842533,,,,,,,,,,,1.4500952E7,1.4391018E7,1.3948752E7,1.3698243E7,1.2840107E7,1.3083708E7,1.3388319E7,1.3577781E7,1.3793182E7,1.3265843E7,1.4716625E7,1.2502097E7,0,1500740.8,1564876.9,1.5717886E7,1.4642643E7,1.2884965E7,1.2607656E7,
2840,130.15164790316928,11.841768,,,,,,,,,,,497113.03,510682.22,0,509795.8,475302.16,475024.94,490890.2,525342.56,466744.72,453406.16,463335.6,506674.25,769292.06,801170.9,489874.88,0,459325.53,485642.5,436943.75,
2841,531.4081053321479,11.837252,,,,,,,,,,,5.1674828E7,5.414376E7,5.251093E7,6.5540932E7,7.0160776E7,4.8735196E7,5.3218004E7,4.9217796E7,5.319345E7,5.46193E7,4.9241556E7,4.7230324E7,0,5.706557E7,5.40969E7,5.6912564E7,6.063037E7,5.2235244E7,5.5069944E7,
2842,153.12136546631146,11.878354,,,,,,,,,,,215535.03,0,199554.64,0,0,225176.17,277957.47,0,240725.55,0,0,226229.25,0,0,249044.17,363471.12,0,171124.92,233434.17,
2843,126.10288989064846,11.8909235,,,,,,,,,,,0,0,7442688.0,0,7126449.5,7514184.0,1.0044402E7,0,6782378.5,5466355.0,5993821.5,7022602.0,0,5622963.5,8215636.5,9942627.0,0,0,8249315.5,
2844,163.0980291348665,11.893159,,,,,,,,,,,0,0,1.0419474E7,0,1.0466913E7,9539095.0,1.2223381E7,0,1.0553994E7,7734865.0,8397168.0,0,0,5852855.0,9331517.0,1.0742235E7,1.2036532E7,1.0736361E7,1.0233572E7,
2845,1061.6900865636535,11.870281,,,,,,,,,,,0,7243590.5,0,3187571.8,4282942.0,4236255.5,1091104.4,1285069.9,1726660.0,5975385.0,0,0,0,0,1455868.2,2018394.9,1902346.6,1661852.1,1830481.0,
2846,613.4105377517893,11.876998,,,,,,,,,,,0,8463485.0,0,4886895.5,5034675.5,5830235.5,1193781.9,1181837.6,2645385.8,6932011.5,0,0,0,0,2205355.8,2691018.2,2698288.0,2473043.0,2348748.2,
2847,1030.7191313517314,11.878221,,,,,,,,,,,0,1.3482213E7,0,7530638.0,6974761.0,9008966.0,1934507.9,1975218.9,3983118.8,1.0853664E7,0,0,0,0,3282333.5,4153419.0,3934724.0,3992463.0,3366008.0,
2848,1035.6752023668307,11.878221,,,,,,,,,,,0,4.8798316E7,0,2.627535E7,2.777843E7,3.1202466E7,6364711.0,5718066.0,1.3545789E7,3.9804284E7,0,0,0,0,1.0418958E7,1.4053135E7,1.3748011E7,1.1714909E7,1.2305698E7,
2849,502.4984116384426,11.889812,,,,,,,,,,,3829120.5,1.846588E7,3113763.0,2.048652E7,1.8038938E7,1.7017948E7,1.995666E7,1.619799E7,1.7958762E7,1.9007384E7,261791.84,0,0,0,7771223.5,7492863.0,8684181.0,8394711.0,8450678.0,
2850,149.09008239107155,11.9028225,,,,,,,,,,,256865.44,0,258129.06,278644.88,0,205559.7,301079.06,276731.94,229953.78,228500.06,212603.12,242378.95,0,0,260572.19,286647.34,244860.22,208394.2,279565.44,
2851,138.1027190594157,11.8984785,,,,,,,,,,,0,5313985.0,6803340.0,0,6175726.0,6576485.5,7527507.0,6227497.0,7227082.0,5143683.0,5871519.0,0,7303672.5,3859622.0,5855654.5,0,8903929.0,0,7767529.0,
2852,1215.748385348758,11.895927,,,,,,,,,,,3341549.2,3552428.0,3065788.5,3928756.0,4075926.2,3221419.5,4509701.0,3716973.2,3966476.8,3022726.8,3158880.0,3261374.2,0,9177124.0,6295564.5,4293973.5,4142387.0,3507984.0,3449624.0,
2853,1194.8188793741342,11.896369,,,,,,,,,,,6475475.5,8436299.0,5860058.0,9470448.0,8115026.0,6810237.5,8068840.5,7358896.0,7905566.5,7191316.5,5458419.5,5496377.0,0,1.3387145E7,1.0987105E7,7900547.5,8518497.0,6668325.5,7230890.5,
2854,163.09802587372172,11.896845,,,,,,,,,,,0,9085580.0,1.0419474E7,0,8364430.5,8392089.0,1.0522487E7,9637835.0,1.0553994E7,7734865.0,8397168.0,0,0,4987574.0,9331517.0,1.0742235E7,9294553.0,1.0736361E7,1.0233572E7,
2855,136.08706874301626,11.899066,,,,,,,,,,,0,5395206.0,6140605.0,0,5878758.0,5592247.0,6493120.5,6208627.5,0,5030567.5,5533340.0,6985712.0,7214071.5,0,6287992.0,7002920.5,8412126.0,6332747.0,6703565.5,
2856,151.10580076012084,11.910189,,,,,,,,,,,0,307371.53,291503.16,0,234284.12,311985.3,333014.53,240849.75,307491.72,216754.1,278898.47,0,0,246299.89,264356.75,367567.34,289373.62,339709.8,0,
2857,126.10283100251924,11.903825,,,,,,,,,,,0,6150020.0,7442688.0,0,7126449.5,7514184.0,1.0044402E7,5937643.0,7836478.5,0,5993821.5,7022602.0,9239211.0,5124946.5,8215636.5,9942627.0,0,0,8249315.5,
2858,1194.8185203741632,11.901353,,,,,,,,,,,7150598.0,8439983.0,6096751.0,9223215.0,8727222.0,6742641.0,7999170.0,7608888.5,8010904.5,7291789.5,5621360.5,5672392.0,1.2277284E7,3177182.0,1.1210631E7,7889670.5,8821749.0,6429468.0,6963253.0,
2859,233.15304742293864,11.918511,,,,,,,,,,,6713731.0,7166425.0,6896671.5,7372549.0,6609810.0,7367792.0,6569089.0,7029126.5,6684916.0,7091355.5,789363.25,6616424.5,0,0,9084110.0,7288151.5,7560271.5,7782545.5,6266785.5,
2860,671.4678901801101,11.9254875,,,,,,,,,,,3169239.8,3560825.8,2857477.0,3783164.5,3318642.0,3340552.0,3359461.0,3317601.2,2874522.0,3048218.5,3011341.2,2814782.2,0,5260849.0,4491015.5,3662996.2,3674539.8,3577027.8,2817203.5,
2861,531.4047752907314,11.927466,,,,,,,,,,,0,0,0,0,0,0,0,0,0,0,0,0,5.3206876E7,0,0,0,0,0,0,
2862,553.3864719828654,11.927466,,,,,,,,,,,0,0,0,0,0,0,0,0,0,0,0,0,5.9961744E7,0,0,0,0,0,0,
2863,569.362385708299,11.855398,,,,,,,,,,,4952691.0,0,4326669.5,6557794.0,3937194.5,4243302.0,5285343.0,2149187.5,5519652.0,4745180.5,4491273.5,2146592.2,1.0672709E7,0,0,2810358.8,3349374.0,1804445.4,5805610.0,
2864,233.1537095734931,11.924605,,,,,,,,,,,6749828.5,7853821.0,6983499.5,7770160.5,6388512.5,7215482.5,6889059.5,7262195.0,6599203.0,6946778.5,6693450.0,6894829.0,0,1.0047706E7,9740014.0,7563246.0,7802174.0,8294008.0,6479137.5,
2865,570.5087352355948,11.938658,,,,,,,,,,,0,5593596.0,0,6285922.0,5162369.5,4435324.5,3354783.2,3509846.8,3442863.8,5463344.0,0,0,0,0,1520241.9,1336315.4,1691956.4,1504062.6,1495668.6,
2866,1096.0464830101566,11.97133,,,,,,,,,,,5344698.0,5873831.0,5894342.5,6615273.0,6735246.5,5830526.5,6414246.0,5352278.0,5884703.5,5526988.0,5489161.5,5992026.5,0,0,0,0,6332685.5,5865092.0,5007063.0,
2867,124.09430801825208,11.939988,,,,,,,,,,,0,0,0,587340.56,0,0,542374.5,365017.66,0,314635.25,0,0,525023.75,0,480459.16,658446.7,431747.94,0,336147.22,
2868,124.087155564088,11.936334,,,,,,,,,,,0,5.4360984E7,5.0256276E7,0,4.5256892E7,4.8701644E7,0,5.0707144E7,0,4.798449E7,0,3.9352924E7,5.9742896E7,0,6.271173E7,0,5.4552924E7,0,0,
